(id) (Px) (Py) (Pz) (Vx) (Vy) (Vz) (Massa) (Raio) (Fx) (Fy) (Fz) (Tempo)
| 1| 9.50882e-15| 9.42026e-15| 0| 5.70209e-17| 5.63258e-17| 0| 6.371e+06| 5.972e+24| 2.27992e-19| 2.2395e-19| 0| 500
| 2| 3.844e+08| 1.54039e+07| 0| -7.7189e-17| 30807.8| 0| 1.7374e+06| 7.36e+22| -3.08664e-19| 7.61059e-20| 0| 500
| 3| 3.36268e-15| 3.99804e+08| 0| 2.0168e-17| 30807.8| 0| 1.7374e+06| 7.36e+22| 8.06721e-20| -3.00056e-19| 0| 500
| 1| 7.59929e-14| 7.46783e-14| 0| 2.27787e-16| 2.22729e-16| 0| 6.371e+06| 5.972e+24| 4.54846e-19| 4.40646e-19| 0| 1000
| 2| 3.844e+08| 3.08078e+07| 0| -3.08451e-16| 30807.8| 0| 1.7374e+06| 7.36e+22| -6.16174e-19| 1.4313e-19| 0| 1000
| 3| 2.68934e-14| 4.15208e+08| 0| 8.06641e-17| 30807.8| 0| 1.7374e+06| 7.36e+22| 1.61328e-19| -5.83776e-19| 0| 1000
| 1| 2.56144e-13| 2.4998e-13| 0| 5.11485e-16| 4.96009e-16| 0| 6.371e+06| 5.972e+24| 6.79541e-19| 6.51684e-19| 0| 1500
| 2| 3.844e+08| 4.62117e+07| 0| -6.92973e-16| 30807.8| 0| 1.7374e+06| 7.36e+22| -9.21526e-19| 2.01284e-19| 0| 1500
| 3| 9.07562e-14| 4.30612e+08| 0| 1.81488e-16| 30807.8| 0| 1.7374e+06| 7.36e+22| 2.41984e-19| -8.52968e-19| 0| 1500
| 1| 6.06113e-13| 5.8811e-13| 0| 9.06777e-16| 8.73649e-16| 0| 6.371e+06| 5.972e+24| 9.01062e-19| 8.58255e-19| 0| 2000
| 2| 3.844e+08| 6.16156e+07| 0| -1.22942e-15| 30807.8| 0| 1.7374e+06| 7.36e+22| -1.2237e-18| 2.50882e-19| 0| 2000
| 3| 2.15115e-13| 4.46016e+08| 0| 3.2264e-16| 30807.8| 0| 1.7374e+06| 7.36e+22| 3.2264e-19| -1.10914e-18| 0| 2000
| 1| 1.18126e-12| 1.14073e-12| 0| 1.41184e-15| 1.35365e-15| 0| 6.371e+06| 5.972e+24| 1.11846e-18| 1.06124e-18| 0| 2500
| 2| 3.844e+08| 7.70194e+07| 0| -1.91596e-15| 30807.8| 0| 1.7374e+06| 7.36e+22| -1.52176e-18| 2.9235e-19| 0| 2500
| 3| 4.20134e-13| 4.61419e+08| 0| 5.0412e-16| 30807.8| 0| 1.7374e+06| 7.36e+22| 4.03296e-19| -1.35359e-18| 0| 2500
| 1| 2.03592e-12| 1.9586e-12| 0| 2.02439e-15| 1.93437e-15| 0| 6.371e+06| 5.972e+24| 1.33089e-18| 1.26125e-18| 0| 3000
| 2| 3.844e+08| 9.24233e+07| 0| -2.75032e-15| 30807.8| 0| 1.7374e+06| 7.36e+22| -1.81485e-18| 3.26203e-19| 0| 3000
| 3| 7.25977e-13| 4.76823e+08| 0| 7.25928e-16| 30807.8| 0| 1.7374e+06| 7.36e+22| 4.83952e-19| -1.58746e-18| 0| 3000
| 1| 3.22319e-12| 3.09172e-12| 0| 2.74176e-15| 2.61445e-15| 0| 6.371e+06| 5.972e+24| 1.5376e-18| 1.4587e-18| 0| 3500
| 2| 3.844e+08| 1.07827e+08| 0| -3.72982e-15| 30807.8| 0| 1.7374e+06| 7.36e+22| -2.10221e-18| 3.53036e-19| 0| 3500
| 3| 1.15281e-12| 4.92227e+08| 0| 9.88064e-16| 30807.8| 0| 1.7374e+06| 7.36e+22| 5.64608e-19| -1.81173e-18| 0| 3500
| 1| 4.79472e-12| 4.58948e-12| 0| 3.56091e-15| 3.39266e-15| 0| 6.371e+06| 5.972e+24| 1.73796e-18| 1.6538e-18| 0| 4000
| 2| 3.844e+08| 1.23231e+08| 0| -4.85144e-15| 30807.8| 0| 1.7374e+06| 7.36e+22| -2.38322e-18| 3.73498e-19| 0| 4000
| 3| 1.72079e-12| 5.07631e+08| 0| 1.29053e-15| 30807.8| 0| 1.7374e+06| 7.36e+22| 6.45264e-19| -2.0273e-18| 0| 4000
| 1| 6.80061e-12| 6.50063e-12| 0| 4.47855e-15| 4.26785e-15| 0| 6.371e+06| 5.972e+24| 1.93144e-18| 1.84664e-18| 0| 4500
| 2| 3.844e+08| 1.38635e+08| 0| -6.11187e-15| 30807.8| 0| 1.7374e+06| 7.36e+22| -2.65736e-18| 3.88275e-19| 0| 4500
| 3| 2.45009e-12| 5.23035e+08| 0| 1.63332e-15| 30807.8| 0| 1.7374e+06| 7.36e+22| 7.2592e-19| -2.23491e-18| 0| 4500
| 1| 9.28919e-12| 8.8734e-12| 0| 5.49112e-15| 5.2389e-15| 0| 6.371e+06| 5.972e+24| 2.11764e-18| 2.03719e-18| 0| 5000
| 2| 3.844e+08| 1.54039e+08| 0| -7.50756e-15| 30807.8| 0| 1.7374e+06| 7.36e+22| -2.92422e-18| 3.9807e-19| 0| 5000
| 3| 3.36087e-12| 5.38439e+08| 0| 2.01644e-15| 30807.8| 0| 1.7374e+06| 7.36e+22| 8.06576e-19| -2.43526e-18| 0| 5000
| 1| 1.2307e-11| 1.17554e-11| 0| 6.59491e-15| 6.30463e-15| 0| 6.371e+06| 5.972e+24| 2.29628e-18| 2.22537e-18| 0| 5500
| 2| 3.844e+08| 1.69443e+08| 0| -9.0348e-15| 30807.8| 0| 1.7374e+06| 7.36e+22| -3.18351e-18| 4.03586e-19| 0| 5500
| 3| 4.47329e-12| 5.53843e+08| 0| 2.43989e-15| 30807.8| 0| 1.7374e+06| 7.36e+22| 8.87232e-19| -2.62896e-18| 0| 5500
| 1| 1.58988e-11| 1.51937e-11| 0| 7.78609e-15| 7.46383e-15| 0| 6.371e+06| 5.972e+24| 2.46717e-18| 2.41102e-18| 0| 6000
| 2| 3.844e+08| 1.84847e+08| 0| -1.06898e-14| 30807.8| 0| 1.7374e+06| 7.36e+22| -3.43506e-18| 4.05515e-19| 0| 6000
| 3| 5.80752e-12| 5.69247e+08| 0| 2.90366e-15| 30807.8| 0| 1.7374e+06| 7.36e+22| 9.67888e-19| -2.81653e-18| 0| 6000
| 1| 2.01072e-11| 1.92347e-11| 0| 9.06076e-15| 8.71518e-15| 0| 6.371e+06| 5.972e+24| 2.63023e-18| 2.59396e-18| 0| 6500
| 2| 3.844e+08| 2.00251e+08| 0| -1.24685e-14| 30807.8| 0| 1.7374e+06| 7.36e+22| -3.67877e-18| 4.0452e-19| 0| 6500
| 3| 7.38373e-12| 5.84651e+08| 0| 3.40777e-15| 30807.8| 0| 1.7374e+06| 7.36e+22| 1.04854e-18| -2.99848e-18| 0| 6500
| 1| 2.49729e-11| 2.39242e-11| 0| 1.0415e-14| 1.00573e-14| 0| 6.371e+06| 5.972e+24| 2.78545e-18| 2.77399e-18| 0| 7000
| 2| 3.844e+08| 2.15654e+08| 0| -1.43672e-14| 30807.8| 0| 1.7374e+06| 7.36e+22| -3.91465e-18| 4.01228e-19| 0| 7000
| 3| 9.22206e-12| 6.00054e+08| 0| 3.9522e-15| 30807.8| 0| 1.7374e+06| 7.36e+22| 1.1292e-18| -3.17522e-18| 0| 7000
| 1| 3.05349e-11| 2.9307e-11| 0| 1.18449e-14| 1.14886e-14| 0| 6.371e+06| 5.972e+24| 2.93292e-18| 2.95093e-18| 0| 7500
| 2| 3.844e+08| 2.31058e+08| 0| -1.63819e-14| 30807.8| 0| 1.7374e+06| 7.36e+22| -4.14278e-18| 3.96223e-19| 0| 7500
| 3| 1.13427e-11| 6.15458e+08| 0| 4.53696e-15| 30807.8| 0| 1.7374e+06| 7.36e+22| 1.20986e-18| -3.34715e-18| 0| 7500
| 1| 3.683e-11| 3.54276e-11| 0| 1.33466e-14| 1.30076e-14| 0| 6.371e+06| 5.972e+24| 3.07277e-18| 3.12458e-18| 0| 8000
| 2| 3.844e+08| 2.46462e+08| 0| -1.85087e-14| 30807.8| 0| 1.7374e+06| 7.36e+22| -4.36328e-18| 3.9004e-19| 0| 8000
| 3| 1.37658e-11| 6.30862e+08| 0| 5.16205e-15| 30807.8| 0| 1.7374e+06| 7.36e+22| 1.29051e-18| -3.51462e-18| 0| 8000
| 1| 4.3893e-11| 4.23292e-11| 0| 1.49164e-14| 1.46126e-14| 0| 6.371e+06| 5.972e+24| 3.20519e-18| 3.29479e-18| 0| 8500
| 2| 3.844e+08| 2.61866e+08| 0| -2.07439e-14| 30807.8| 0| 1.7374e+06| 7.36e+22| -4.57635e-18| 3.83167e-19| 0| 8500
| 3| 1.65115e-11| 6.46266e+08| 0| 5.82746e-15| 30807.8| 0| 1.7374e+06| 7.36e+22| 1.37117e-18| -3.67796e-18| 0| 8500
| 1| 5.17573e-11| 5.00544e-11| 0| 1.65506e-14| 1.63018e-14| 0| 6.371e+06| 5.972e+24| 3.3304e-18| 3.46141e-18| 0| 9000
| 2| 3.844e+08| 2.7727e+08| 0| -2.30838e-14| 30807.8| 0| 1.7374e+06| 7.36e+22| -4.78223e-18| 3.76036e-19| 0| 9000
| 3| 1.96001e-11| 6.6167e+08| 0| 6.53321e-15| 30807.8| 0| 1.7374e+06| 7.36e+22| 1.45182e-18| -3.83745e-18| 0| 9000
| 1| 6.0454e-11| 5.86449e-11| 0| 1.82457e-14| 1.80734e-14| 0| 6.371e+06| 5.972e+24| 3.44868e-18| 3.62432e-18| 0| 9500
| 2| 3.844e+08| 2.92674e+08| 0| -2.55249e-14| 30807.8| 0| 1.7374e+06| 7.36e+22| -4.98116e-18| 3.69031e-19| 0| 9500
| 3| 2.30515e-11| 6.77074e+08| 0| 7.27928e-15| 30807.8| 0| 1.7374e+06| 7.36e+22| 1.53248e-18| -3.99335e-18| 0| 9500
| 1| 7.00127e-11| 6.81414e-11| 0| 1.99982e-14| 1.99255e-14| 0| 6.371e+06| 5.972e+24| 3.5603e-18| 3.78341e-18| 0| 10000
| 2| 3.844e+08| 3.08078e+08| 0| -2.80638e-14| 30807.8| 0| 1.7374e+06| 7.36e+22| -5.17343e-18| 3.62486e-19| 0| 10000
| 3| 2.68861e-11| 6.92478e+08| 0| 8.06568e-15| 30807.8| 0| 1.7374e+06| 7.36e+22| 1.61314e-18| -4.1459e-18| 0| 10000
| 1| 8.04613e-11| 7.85837e-11| 0| 2.18049e-14| 2.18562e-14| 0| 6.371e+06| 5.972e+24| 3.66556e-18| 3.93863e-18| 0| 10500
| 2| 3.844e+08| 3.23482e+08| 0| -3.06973e-14| 30807.8| 0| 1.7374e+06| 7.36e+22| -5.35935e-18| 3.56691e-19| 0| 10500
| 3| 3.1124e-11| 7.07882e+08| 0| 8.89241e-15| 30807.8| 0| 1.7374e+06| 7.36e+22| 1.69379e-18| -4.29532e-18| 0| 10500
| 1| 9.18263e-11| 9.00105e-11| 0| 2.36627e-14| 2.38634e-14| 0| 6.371e+06| 5.972e+24| 3.76477e-18| 4.08992e-18| 0| 11000
| 2| 3.844e+08| 3.38886e+08| 0| -3.34222e-14| 30807.8| 0| 1.7374e+06| 7.36e+22| -5.53922e-18| 3.51891e-19| 0| 11000
| 3| 3.57854e-11| 7.23286e+08| 0| 9.75947e-15| 30807.8| 0| 1.7374e+06| 7.36e+22| 1.77445e-18| -4.44181e-18| 0| 11000
| 1| 1.04132e-10| 1.0246e-10| 0| 2.55687e-14| 2.59454e-14| 0| 6.371e+06| 5.972e+24| 3.85824e-18| 4.23727e-18| 0| 11500
| 2| 3.844e+08| 3.54289e+08| 0| -3.62355e-14| 30807.8| 0| 1.7374e+06| 7.36e+22| -5.71334e-18| 3.48291e-19| 0| 11500
| 3| 4.08903e-11| 7.38689e+08| 0| 1.06668e-14| 30807.8| 0| 1.7374e+06| 7.36e+22| 1.8551e-18| -4.58556e-18| 0| 11500
| 1| 1.17403e-10| 1.15968e-10| 0| 2.752e-14| 2.81e-14| 0| 6.371e+06| 5.972e+24| 3.94627e-18| 4.38067e-18| 0| 12000
| 2| 3.844e+08| 3.69693e+08| 0| -3.91346e-14| 30807.8| 0| 1.7374e+06| 7.36e+22| -5.88203e-18| 3.46063e-19| 0| 12000
| 3| 4.6459e-11| 7.54093e+08| 0| 1.16146e-14| 30807.8| 0| 1.7374e+06| 7.36e+22| 1.93576e-18| -4.72673e-18| 0| 12000
| 1| 1.3166e-10| 1.30572e-10| 0| 2.95141e-14| 3.03254e-14| 0| 6.371e+06| 5.972e+24| 4.02918e-18| 4.52014e-18| 0| 12500
| 2| 3.844e+08| 3.85097e+08| 0| -4.21167e-14| 30807.8| 0| 1.7374e+06| 7.36e+22| -6.04559e-18| 3.45343e-19| 0| 12500
| 3| 5.25117e-11| 7.69497e+08| 0| 1.26026e-14| 30807.8| 0| 1.7374e+06| 7.36e+22| 2.01642e-18| -4.86548e-18| 0| 12500
| 1| 1.46924e-10| 1.46305e-10| 0| 3.15484e-14| 3.26195e-14| 0| 6.371e+06| 5.972e+24| 4.10724e-18| 4.65571e-18| 0| 13000
| 2| 3.844e+08| 4.00501e+08| 0| -4.51794e-14| 30807.8| 0| 1.7374e+06| 7.36e+22| -6.20431e-18| 3.46242e-19| 0| 13000
| 3| 5.90684e-11| 7.84901e+08| 0| 1.3631e-14| 30807.8| 0| 1.7374e+06| 7.36e+22| 2.09707e-18| -5.00195e-18| 0| 13000
| 1| 1.63215e-10| 1.63203e-10| 0| 3.36206e-14| 3.49805e-14| 0| 6.371e+06| 5.972e+24| 4.18076e-18| 4.78743e-18| 0| 13500
| 2| 3.844e+08| 4.15905e+08| 0| -4.83202e-14| 30807.8| 0| 1.7374e+06| 7.36e+22| -6.35849e-18| 3.48843e-19| 0| 13500
| 3| 6.61495e-11| 8.00305e+08| 0| 1.46997e-14| 30807.8| 0| 1.7374e+06| 7.36e+22| 2.17773e-18| -5.13627e-18| 0| 13500
| 1| 1.8055e-10| 1.81297e-10| 0| 3.57284e-14| 3.74063e-14| 0| 6.371e+06| 5.972e+24| 4.25e-18| 4.91535e-18| 0| 14000
| 2| 3.844e+08| 4.31309e+08| 0| -5.15371e-14| 30807.8| 0| 1.7374e+06| 7.36e+22| -6.50838e-18| 3.53209e-19| 0| 14000
| 3| 7.37749e-11| 8.15709e+08| 0| 1.58087e-14| 30807.8| 0| 1.7374e+06| 7.36e+22| 2.25838e-18| -5.26856e-18| 0| 14000
| 1| 1.98949e-10| 2.0062e-10| 0| 3.78699e-14| 3.98952e-14| 0| 6.371e+06| 5.972e+24| 4.31523e-18| 5.03956e-18| 0| 14500
| 2| 3.844e+08| 4.46713e+08| 0| -5.48279e-14| 30807.8| 0| 1.7374e+06| 7.36e+22| -6.65427e-18| 3.59382e-19| 0| 14500
| 3| 8.1965e-11| 8.31113e+08| 0| 1.6958e-14| 30807.8| 0| 1.7374e+06| 7.36e+22| 2.33904e-18| -5.39894e-18| 0| 14500
| 1| 2.18426e-10| 2.21202e-10| 0| 4.0043e-14| 4.24452e-14| 0| 6.371e+06| 5.972e+24| 4.37669e-18| 5.16012e-18| 0| 15000
| 2| 3.844e+08| 4.62117e+08| 0| -5.81907e-14| 30807.8| 0| 1.7374e+06| 7.36e+22| -6.79639e-18| 3.67391e-19| 0| 15000
| 3| 9.07398e-11| 8.46517e+08| 0| 1.81477e-14| 30807.8| 0| 1.7374e+06| 7.36e+22| 2.4197e-18| -5.52751e-18| 0| 15000
| 1| 2.38997e-10| 2.43075e-10| 0| 4.2246e-14| 4.50547e-14| 0| 6.371e+06| 5.972e+24| 4.43463e-18| 5.27712e-18| 0| 15500
| 2| 3.844e+08| 4.77521e+08| 0| -6.16237e-14| 30807.8| 0| 1.7374e+06| 7.36e+22| -6.93498e-18| 3.77247e-19| 0| 15500
| 3| 1.0012e-10| 8.61921e+08| 0| 1.93777e-14| 30807.8| 0| 1.7374e+06| 7.36e+22| 2.50035e-18| -5.65436e-18| 0| 15500
| 1| 2.60677e-10| 2.66267e-10| 0| 4.44771e-14| 4.77218e-14| 0| 6.371e+06| 5.972e+24| 4.48926e-18| 5.39065e-18| 0| 16000
| 2| 3.844e+08| 4.92924e+08| 0| -6.51252e-14| 30807.8| 0| 1.7374e+06| 7.36e+22| -7.07027e-18| 3.88951e-19| 0| 16000
| 3| 1.10124e-10| 8.77324e+08| 0| 2.06481e-14| 30807.8| 0| 1.7374e+06| 7.36e+22| 2.58101e-18| -5.7796e-18| 0| 16000
| 1| 2.83479e-10| 2.90806e-10| 0| 4.67347e-14| 5.04448e-14| 0| 6.371e+06| 5.972e+24| 4.5408e-18| 5.5008e-18| 0| 16500
| 2| 3.844e+08| 5.08328e+08| 0| -6.86935e-14| 30807.8| 0| 1.7374e+06| 7.36e+22| -7.20247e-18| 4.02495e-19| 0| 16500
| 3| 1.20774e-10| 8.92728e+08| 0| 2.19587e-14| 30807.8| 0| 1.7374e+06| 7.36e+22| 2.66166e-18| -5.90329e-18| 0| 16500
| 1| 3.07416e-10| 3.16721e-10| 0| 4.90174e-14| 5.3222e-14| 0| 6.371e+06| 5.972e+24| 4.58944e-18| 5.60767e-18| 0| 17000
| 2| 3.844e+08| 5.23732e+08| 0| -7.23271e-14| 30807.8| 0| 1.7374e+06| 7.36e+22| -7.33176e-18| 4.1786e-19| 0| 17000
| 3| 1.3209e-10| 9.08132e+08| 0| 2.33097e-14| 30807.8| 0| 1.7374e+06| 7.36e+22| 2.74232e-18| -6.02553e-18| 0| 17000
| 1| 3.325e-10| 3.44038e-10| 0| 5.13237e-14| 5.60519e-14| 0| 6.371e+06| 5.972e+24| 4.63538e-18| 5.71135e-18| 0| 17500
| 2| 3.844e+08| 5.39136e+08| 0| -7.60248e-14| 30807.8| 0| 1.7374e+06| 7.36e+22| -7.45835e-18| 4.35024e-19| 0| 17500
| 3| 1.44091e-10| 9.23536e+08| 0| 2.4701e-14| 30807.8| 0| 1.7374e+06| 7.36e+22| 2.82298e-18| -6.14638e-18| 0| 17500
| 1| 3.58744e-10| 3.72782e-10| 0| 5.36524e-14| 5.89328e-14| 0| 6.371e+06| 5.972e+24| 4.67877e-18| 5.81195e-18| 0| 18000
| 2| 3.844e+08| 5.5454e+08| 0| -7.97851e-14| 30807.8| 0| 1.7374e+06| 7.36e+22| -7.5824e-18| 4.53956e-19| 0| 18000
| 3| 1.56798e-10| 9.3894e+08| 0| 2.61327e-14| 30807.8| 0| 1.7374e+06| 7.36e+22| 2.90363e-18| -6.26591e-18| 0| 18000
| 1| 3.86156e-10| 4.02979e-10| 0| 5.60021e-14| 6.18633e-14| 0| 6.371e+06| 5.972e+24| 4.71979e-18| 5.90956e-18| 0| 18500
| 2| 3.844e+08| 5.69944e+08| 0| -8.36068e-14| 30807.8| 0| 1.7374e+06| 7.36e+22| -7.70408e-18| 4.74623e-19| 0| 18500
| 3| 1.70231e-10| 9.54344e+08| 0| 2.76047e-14| 30807.8| 0| 1.7374e+06| 7.36e+22| 2.98429e-18| -6.38418e-18| 0| 18500
| 1| 4.14749e-10| 4.34653e-10| 0| 5.83718e-14| 6.48419e-14| 0| 6.371e+06| 5.972e+24| 4.75859e-18| 6.00427e-18| 0| 19000
| 2| 3.844e+08| 5.85348e+08| 0| -8.74887e-14| 30807.8| 0| 1.7374e+06| 7.36e+22| -7.82353e-18| 4.96987e-19| 0| 19000
| 3| 1.84409e-10| 9.69748e+08| 0| 2.9117e-14| 30807.8| 0| 1.7374e+06| 7.36e+22| 3.06494e-18| -6.50126e-18| 0| 19000
| 1| 4.44532e-10| 4.67829e-10| 0| 6.07603e-14| 6.78671e-14| 0| 6.371e+06| 5.972e+24| 4.7953e-18| 6.09619e-18| 0| 19500
| 2| 3.844e+08| 6.00752e+08| 0| -9.14299e-14| 30807.8| 0| 1.7374e+06| 7.36e+22| -7.9409e-18| 5.21008e-19| 0| 19500
| 3| 1.99354e-10| 9.85152e+08| 0| 3.06696e-14| 30807.8| 0| 1.7374e+06| 7.36e+22| 3.1456e-18| -6.6172e-18| 0| 19500
| 1| 4.75513e-10| 5.02528e-10| 0| 6.31667e-14| 7.09376e-14| 0| 6.371e+06| 5.972e+24| 4.83006e-18| 6.18541e-18| 0| 20000
| 2| 3.844e+08| 6.16156e+08| 0| -9.54293e-14| 30807.8| 0| 1.7374e+06| 7.36e+22| -8.05632e-18| 5.46644e-19| 0| 20000
| 3| 2.15086e-10| 1.00056e+09| 0| 3.22626e-14| 30807.8| 0| 1.7374e+06| 7.36e+22| 3.22626e-18| -6.73206e-18| 0| 20000
| 1| 5.07701e-10| 5.38774e-10| 0| 6.55901e-14| 7.40521e-14| 0| 6.371e+06| 5.972e+24| 4.863e-18| 6.27202e-18| 0| 20500
| 2| 3.844e+08| 6.31559e+08| 0| -9.94859e-14| 30807.8| 0| 1.7374e+06| 7.36e+22| -8.16991e-18| 5.73851e-19| 0| 20500
| 3| 2.31624e-10| 1.01596e+09| 0| 3.38959e-14| 30807.8| 0| 1.7374e+06| 7.36e+22| 3.30691e-18| -6.84587e-18| 0| 20500
| 1| 5.41106e-10| 5.76588e-10| 0| 6.80295e-14| 7.72092e-14| 0| 6.371e+06| 5.972e+24| 4.89422e-18| 6.35611e-18| 0| 21000
| 2| 3.844e+08| 6.46963e+08| 0| -1.03599e-13| 30807.8| 0| 1.7374e+06| 7.36e+22| -8.28179e-18| 6.02587e-19| 0| 21000
| 3| 2.48989e-10| 1.03136e+09| 0| 3.55695e-14| 30807.8| 0| 1.7374e+06| 7.36e+22| 3.38757e-18| -6.9587e-18| 0| 21000
| 1| 5.75734e-10| 6.15991e-10| 0| 7.0484e-14| 8.04078e-14| 0| 6.371e+06| 5.972e+24| 4.92384e-18| 6.43777e-18| 0| 21500
| 2| 3.844e+08| 6.62367e+08| 0| -1.07767e-13| 30807.8| 0| 1.7374e+06| 7.36e+22| -8.39207e-18| 6.32805e-19| 0| 21500
| 3| 2.672e-10| 1.04677e+09| 0| 3.72834e-14| 30807.8| 0| 1.7374e+06| 7.36e+22| 3.46822e-18| -7.07058e-18| 0| 21500
| 1| 6.11592e-10| 6.57003e-10| 0| 7.2953e-14| 8.36466e-14| 0| 6.371e+06| 5.972e+24| 4.95195e-18| 6.51709e-18| 0| 22000
| 2| 3.844e+08| 6.77771e+08| 0| -1.11991e-13| 30807.8| 0| 1.7374e+06| 7.36e+22| -8.50083e-18| 6.64462e-19| 0| 22000
| 3| 2.86279e-10| 1.06217e+09| 0| 3.90377e-14| 30807.8| 0| 1.7374e+06| 7.36e+22| 3.54888e-18| -7.18155e-18| 0| 22000
| 1| 6.48689e-10| 6.99644e-10| 0| 7.54358e-14| 8.69245e-14| 0| 6.371e+06| 5.972e+24| 4.97865e-18| 6.59415e-18| 0| 22500
| 2| 3.844e+08| 6.93175e+08| 0| -1.16268e-13| 30807.8| 0| 1.7374e+06| 7.36e+22| -8.60819e-18| 6.97513e-19| 0| 22500
| 3| 3.06245e-10| 1.07758e+09| 0| 4.08323e-14| 30807.8| 0| 1.7374e+06| 7.36e+22| 3.62954e-18| -7.29166e-18| 0| 22500
| 1| 6.87031e-10| 7.43934e-10| 0| 7.79315e-14| 9.02404e-14| 0| 6.371e+06| 5.972e+24| 5.00402e-18| 6.66902e-18| 0| 23000
| 2| 3.844e+08| 7.08579e+08| 0| -1.20599e-13| 30807.8| 0| 1.7374e+06| 7.36e+22| -8.71422e-18| 7.31914e-19| 0| 23000
| 3| 3.27118e-10| 1.09298e+09| 0| 4.26672e-14| 30807.8| 0| 1.7374e+06| 7.36e+22| 3.71019e-18| -7.40094e-18| 0| 23000
| 1| 7.26623e-10| 7.89891e-10| 0| 8.04396e-14| 9.35932e-14| 0| 6.371e+06| 5.972e+24| 5.02815e-18| 6.7418e-18| 0| 23500
| 2| 3.844e+08| 7.23983e+08| 0| -1.24982e-13| 30807.8| 0| 1.7374e+06| 7.36e+22| -8.819e-18| 7.67621e-19| 0| 23500
| 3| 3.48919e-10| 1.10838e+09| 0| 4.45425e-14| 30807.8| 0| 1.7374e+06| 7.36e+22| 3.79085e-18| -7.50942e-18| 0| 23500
| 1| 7.67472e-10| 8.37533e-10| 0| 8.29594e-14| 9.69818e-14| 0| 6.371e+06| 5.972e+24| 5.0511e-18| 6.81255e-18| 0| 24000
| 2| 3.844e+08| 7.39387e+08| 0| -1.29417e-13| 30807.8| 0| 1.7374e+06| 7.36e+22| -8.92261e-18| 8.04591e-19| 0| 24000
| 3| 3.71668e-10| 1.12379e+09| 0| 4.64581e-14| 30807.8| 0| 1.7374e+06| 7.36e+22| 3.8715e-18| -7.61714e-18| 0| 24000
| 1| 8.09585e-10| 8.86879e-10| 0| 8.54905e-14| 1.00405e-13| 0| 6.371e+06| 5.972e+24| 5.07295e-18| 6.88134e-18| 0| 24500
| 2| 3.844e+08| 7.54791e+08| 0| -1.33904e-13| 30807.8| 0| 1.7374e+06| 7.36e+22| -9.02511e-18| 8.42783e-19| 0| 24500
| 3| 3.95384e-10| 1.13919e+09| 0| 4.8414e-14| 30807.8| 0| 1.7374e+06| 7.36e+22| 3.95216e-18| -7.72413e-18| 0| 24500
| 1| 8.52965e-10| 9.37945e-10| 0| 8.80322e-14| 1.03863e-13| 0| 6.371e+06| 5.972e+24| 5.09377e-18| 6.94825e-18| 0| 25000
| 2| 3.844e+08| 7.70194e+08| 0| -1.38442e-13| 30807.8| 0| 1.7374e+06| 7.36e+22| -9.12658e-18| 8.82157e-19| 0| 25000
| 3| 4.20088e-10| 1.15459e+09| 0| 5.04102e-14| 30807.8| 0| 1.7374e+06| 7.36e+22| 4.03282e-18| -7.83041e-18| 0| 25000
| 1| 8.97619e-10| 9.90748e-10| 0| 9.05841e-14| 1.07353e-13| 0| 6.371e+06| 5.972e+24| 5.1136e-18| 7.01335e-18| 0| 25500
| 2| 3.844e+08| 7.85598e+08| 0| -1.43031e-13| 30807.8| 0| 1.7374e+06| 7.36e+22| -9.22708e-18| 9.22671e-19| 0| 25500
| 3| 4.45801e-10| 1.17e+09| 0| 5.24468e-14| 30807.8| 0| 1.7374e+06| 7.36e+22| 4.11347e-18| -7.93602e-18| 0| 25500
| 1| 9.43551e-10| 1.0453e-09| 0| 9.31457e-14| 1.10876e-13| 0| 6.371e+06| 5.972e+24| 5.13252e-18| 7.07669e-18| 0| 26000
| 2| 3.844e+08| 8.01002e+08| 0| -1.47669e-13| 30807.8| 0| 1.7374e+06| 7.36e+22| -9.32665e-18| 9.64288e-19| 0| 26000
| 3| 4.72542e-10| 1.1854e+09| 0| 5.45237e-14| 30807.8| 0| 1.7374e+06| 7.36e+22| 4.19413e-18| -8.04098e-18| 0| 26000
| 1| 9.90766e-10| 1.10163e-09| 0| 9.57165e-14| 1.1443e-13| 0| 6.371e+06| 5.972e+24| 5.15057e-18| 7.13835e-18| 0| 26500
| 2| 3.844e+08| 8.16406e+08| 0| -1.52357e-13| 30807.8| 0| 1.7374e+06| 7.36e+22| -9.42536e-18| 1.00697e-18| 0| 26500
| 3| 5.00332e-10| 1.20081e+09| 0| 5.66409e-14| 30807.8| 0| 1.7374e+06| 7.36e+22| 4.27478e-18| -8.14532e-18| 0| 26500
| 1| 1.03927e-09| 1.15974e-09| 0| 9.82961e-14| 1.18014e-13| 0| 6.371e+06| 5.972e+24| 5.16781e-18| 7.19837e-18| 0| 27000
| 2| 3.844e+08| 8.3181e+08| 0| -1.57095e-13| 30807.8| 0| 1.7374e+06| 7.36e+22| -9.52325e-18| 1.05068e-18| 0| 27000
| 3| 5.2919e-10| 1.21621e+09| 0| 5.87984e-14| 30807.8| 0| 1.7374e+06| 7.36e+22| 4.35544e-18| -8.24906e-18| 0| 27000
| 1| 1.08906e-09| 1.21965e-09| 0| 1.00884e-13| 1.21628e-13| 0| 6.371e+06| 5.972e+24| 5.18427e-18| 7.25683e-18| 0| 27500
| 2| 3.844e+08| 8.47214e+08| 0| -1.6188e-13| 30807.8| 0| 1.7374e+06| 7.36e+22| -9.62037e-18| 1.09539e-18| 0| 27500
| 3| 5.59137e-10| 1.23161e+09| 0| 6.09963e-14| 30807.8| 0| 1.7374e+06| 7.36e+22| 4.4361e-18| -8.35222e-18| 0| 27500
| 1| 1.14015e-09| 1.28137e-09| 0| 1.0348e-13| 1.25271e-13| 0| 6.371e+06| 5.972e+24| 5.2e-18| 7.31377e-18| 0| 28000
| 2| 3.844e+08| 8.62618e+08| 0| -1.66715e-13| 30807.8| 0| 1.7374e+06| 7.36e+22| -9.71676e-18| 1.14105e-18| 0| 28000
| 3| 5.90193e-10| 1.24702e+09| 0| 6.32345e-14| 30807.8| 0| 1.7374e+06| 7.36e+22| 4.51675e-18| -8.45482e-18| 0| 28000
| 1| 1.19255e-09| 1.34492e-09| 0| 1.06084e-13| 1.28941e-13| 0| 6.371e+06| 5.972e+24| 5.21505e-18| 7.36925e-18| 0| 28500
| 2| 3.844e+08| 8.78022e+08| 0| -1.71597e-13| 30807.8| 0| 1.7374e+06| 7.36e+22| -9.81246e-18| 1.18764e-18| 0| 28500
| 3| 6.22379e-10| 1.26242e+09| 0| 6.55131e-14| 30807.8| 0| 1.7374e+06| 7.36e+22| 4.59741e-18| -8.55689e-18| 0| 28500
| 1| 1.24624e-09| 1.41032e-09| 0| 1.08695e-13| 1.3264e-13| 0| 6.371e+06| 5.972e+24| 5.22945e-18| 7.42331e-18| 0| 29000
| 2| 3.844e+08| 8.93426e+08| 0| -1.76527e-13| 30807.8| 0| 1.7374e+06| 7.36e+22| -9.90751e-18| 1.23513e-18| 0| 29000
| 3| 6.55713e-10| 1.27783e+09| 0| 6.78319e-14| 30807.8| 0| 1.7374e+06| 7.36e+22| 4.67806e-18| -8.65844e-18| 0| 29000
| 1| 1.30124e-09| 1.47757e-09| 0| 1.11313e-13| 1.36364e-13| 0| 6.371e+06| 5.972e+24| 5.24323e-18| 7.47602e-18| 0| 29500
| 2| 3.844e+08| 9.08829e+08| 0| -1.81504e-13| 30807.8| 0| 1.7374e+06| 7.36e+22| -1.00019e-17| 1.28348e-18| 0| 29500
| 3| 6.90217e-10| 1.29323e+09| 0| 7.01911e-14| 30807.8| 0| 1.7374e+06| 7.36e+22| 4.75872e-18| -8.7595e-18| 0| 29500
| 1| 1.35756e-09| 1.54669e-09| 0| 1.13938e-13| 1.40115e-13| 0| 6.371e+06| 5.972e+24| 5.25643e-18| 7.52741e-18| 0| 30000
| 2| 3.844e+08| 9.24233e+08| 0| -1.86529e-13| 30807.8| 0| 1.7374e+06| 7.36e+22| -1.00958e-17| 1.33266e-18| 0| 30000
| 3| 7.25911e-10| 1.30863e+09| 0| 7.25906e-14| 30807.8| 0| 1.7374e+06| 7.36e+22| 4.83938e-18| -8.86007e-18| 0| 30000
| 1| 1.41518e-09| 1.61769e-09| 0| 1.1657e-13| 1.43892e-13| 0| 6.371e+06| 5.972e+24| 5.26908e-18| 7.57753e-18| 0| 30500
| 2| 3.844e+08| 9.39637e+08| 0| -1.916e-13| 30807.8| 0| 1.7374e+06| 7.36e+22| -1.01891e-17| 1.38265e-18| 0| 30500
| 3| 7.62815e-10| 1.32404e+09| 0| 7.50305e-14| 30807.8| 0| 1.7374e+06| 7.36e+22| 4.92003e-18| -8.96018e-18| 0| 30500
| 1| 1.47413e-09| 1.69058e-09| 0| 1.19207e-13| 1.47693e-13| 0| 6.371e+06| 5.972e+24| 5.28121e-18| 7.62642e-18| 0| 31000
| 2| 3.844e+08| 9.55041e+08| 0| -1.96718e-13| 30807.8| 0| 1.7374e+06| 7.36e+22| -1.02819e-17| 1.43342e-18| 0| 31000
| 3| 8.00949e-10| 1.33944e+09| 0| 7.75107e-14| 30807.8| 0| 1.7374e+06| 7.36e+22| 5.00069e-18| -9.05984e-18| 0| 31000
| 1| 1.53439e-09| 1.76539e-09| 0| 1.21851e-13| 1.51518e-13| 0| 6.371e+06| 5.972e+24| 5.29284e-18| 7.67413e-18| 0| 31500
| 2| 3.844e+08| 9.70445e+08| 0| -2.01882e-13| 30807.8| 0| 1.7374e+06| 7.36e+22| -1.03742e-17| 1.48495e-18| 0| 31500
| 3| 8.40333e-10| 1.35485e+09| 0| 8.00312e-14| 30807.8| 0| 1.7374e+06| 7.36e+22| 5.08134e-18| -9.15908e-18| 0| 31500
| 1| 1.59598e-09| 1.84211e-09| 0| 1.245e-13| 1.55367e-13| 0| 6.371e+06| 5.972e+24| 5.304e-18| 7.72069e-18| 0| 32000
| 2| 3.844e+08| 9.85849e+08| 0| -2.07092e-13| 30807.8| 0| 1.7374e+06| 7.36e+22| -1.0466e-17| 1.5372e-18| 0| 32000
| 3| 8.80987e-10| 1.37025e+09| 0| 8.2592e-14| 30807.8| 0| 1.7374e+06| 7.36e+22| 5.162e-18| -9.25789e-18| 0| 32000
| 1| 1.65889e-09| 1.92076e-09| 0| 1.27155e-13| 1.59238e-13| 0| 6.371e+06| 5.972e+24| 5.31472e-18| 7.76615e-18| 0| 32500
| 2| 3.844e+08| 1.00125e+09| 0| -2.12348e-13| 30807.8| 0| 1.7374e+06| 7.36e+22| -1.05574e-17| 1.59015e-18| 0| 32500
| 3| 9.22932e-10| 1.38565e+09| 0| 8.51932e-14| 30807.8| 0| 1.7374e+06| 7.36e+22| 5.24266e-18| -9.3563e-18| 0| 32500
| 1| 1.72313e-09| 2.00135e-09| 0| 1.29815e-13| 1.63133e-13| 0| 6.371e+06| 5.972e+24| 5.32502e-18| 7.81053e-18| 0| 33000
| 2| 3.844e+08| 1.01666e+09| 0| -2.17649e-13| 30807.8| 0| 1.7374e+06| 7.36e+22| -1.06483e-17| 1.64379e-18| 0| 33000
| 3| 9.66187e-10| 1.40106e+09| 0| 8.78347e-14| 30807.8| 0| 1.7374e+06| 7.36e+22| 5.32331e-18| -9.45432e-18| 0| 33000
| 1| 1.78871e-09| 2.08389e-09| 0| 1.3248e-13| 1.67049e-13| 0| 6.371e+06| 5.972e+24| 5.33491e-18| 7.85388e-18| 0| 33500
| 2| 3.844e+08| 1.03206e+09| 0| -2.22996e-13| 30807.8| 0| 1.7374e+06| 7.36e+22| -1.07389e-17| 1.69808e-18| 0| 33500
| 3| 1.01077e-09| 1.41646e+09| 0| 9.05165e-14| 30807.8| 0| 1.7374e+06| 7.36e+22| 5.40397e-18| -9.55196e-18| 0| 33500
| 1| 1.85561e-09| 2.1684e-09| 0| 1.3515e-13| 1.70986e-13| 0| 6.371e+06| 5.972e+24| 5.34442e-18| 7.89623e-18| 0| 34000
| 2| 3.844e+08| 1.04746e+09| 0| -2.28388e-13| 30807.8| 0| 1.7374e+06| 7.36e+22| -1.0829e-17| 1.753e-18| 0| 34000
| 3| 1.05671e-09| 1.43186e+09| 0| 9.32386e-14| 30807.8| 0| 1.7374e+06| 7.36e+22| 5.48462e-18| -9.64924e-18| 0| 34000
| 1| 1.92386e-09| 2.25488e-09| 0| 1.37824e-13| 1.74945e-13| 0| 6.371e+06| 5.972e+24| 5.35357e-18| 7.93762e-18| 0| 34500
| 2| 3.844e+08| 1.06287e+09| 0| -2.33825e-13| 30807.8| 0| 1.7374e+06| 7.36e+22| -1.09189e-17| 1.80854e-18| 0| 34500
| 3| 1.10402e-09| 1.44727e+09| 0| 9.60011e-14| 30807.8| 0| 1.7374e+06| 7.36e+22| 5.56528e-18| -9.74616e-18| 0| 34500
| 1| 1.99344e-09| 2.34335e-09| 0| 1.40503e-13| 1.78924e-13| 0| 6.371e+06| 5.972e+24| 5.36238e-18| 7.97806e-18| 0| 35000
| 2| 3.844e+08| 1.07827e+09| 0| -2.39307e-13| 30807.8| 0| 1.7374e+06| 7.36e+22| -1.10083e-17| 1.86468e-18| 0| 35000
| 3| 1.15272e-09| 1.46267e+09| 0| 9.88039e-14| 30807.8| 0| 1.7374e+06| 7.36e+22| 5.64594e-18| -9.84274e-18| 0| 35000
| 1| 2.06436e-09| 2.43381e-09| 0| 1.43186e-13| 1.82923e-13| 0| 6.371e+06| 5.972e+24| 5.37085e-18| 8.0176e-18| 0| 35500
| 2| 3.844e+08| 1.09368e+09| 0| -2.44833e-13| 30807.8| 0| 1.7374e+06| 7.36e+22| -1.10974e-17| 1.92139e-18| 0| 35500
| 3| 1.20283e-09| 1.47808e+09| 0| 1.01647e-13| 30807.8| 0| 1.7374e+06| 7.36e+22| 5.72659e-18| -9.93899e-18| 0| 35500
| 1| 2.13663e-09| 2.52628e-09| 0| 1.45874e-13| 1.86941e-13| 0| 6.371e+06| 5.972e+24| 5.37902e-18| 8.05626e-18| 0| 36000
| 2| 3.844e+08| 1.10908e+09| 0| -2.50404e-13| 30807.8| 0| 1.7374e+06| 7.36e+22| -1.11863e-17| 1.97866e-18| 0| 36000
| 3| 1.25437e-09| 1.49348e+09| 0| 1.0453e-13| 30807.8| 0| 1.7374e+06| 7.36e+22| 5.80725e-18| -1.00349e-17| 0| 36000
| 1| 2.21024e-09| 2.62076e-09| 0| 1.48565e-13| 1.90979e-13| 0| 6.371e+06| 5.972e+24| 5.38688e-18| 8.09407e-18| 0| 36500
| 2| 3.844e+08| 1.12448e+09| 0| -2.5602e-13| 30807.8| 0| 1.7374e+06| 7.36e+22| -1.12748e-17| 2.03646e-18| 0| 36500
| 3| 1.30737e-09| 1.50888e+09| 0| 1.07454e-13| 30807.8| 0| 1.7374e+06| 7.36e+22| 5.8879e-18| -1.01305e-17| 0| 36500
| 1| 2.28519e-09| 2.71726e-09| 0| 1.51261e-13| 1.95035e-13| 0| 6.371e+06| 5.972e+24| 5.39446e-18| 8.13105e-18| 0| 37000
| 2| 3.844e+08| 1.13989e+09| 0| -2.61679e-13| 30807.8| 0| 1.7374e+06| 7.36e+22| -1.1363e-17| 2.09479e-18| 0| 37000
| 3| 1.36183e-09| 1.52429e+09| 0| 1.10418e-13| 30807.8| 0| 1.7374e+06| 7.36e+22| 5.96856e-18| -1.02258e-17| 0| 37000
| 1| 2.3615e-09| 2.81579e-09| 0| 1.5396e-13| 1.9911e-13| 0| 6.371e+06| 5.972e+24| 5.40177e-18| 8.16724e-18| 0| 37500
| 2| 3.844e+08| 1.15529e+09| 0| -2.67383e-13| 30807.8| 0| 1.7374e+06| 7.36e+22| -1.1451e-17| 2.15362e-18| 0| 37500
| 3| 1.41779e-09| 1.53969e+09| 0| 1.13423e-13| 30807.8| 0| 1.7374e+06| 7.36e+22| 6.04922e-18| -1.03209e-17| 0| 37500
| 1| 2.43915e-09| 2.91637e-09| 0| 1.56662e-13| 2.03202e-13| 0| 6.371e+06| 5.972e+24| 5.40883e-18| 8.20265e-18| 0| 38000
| 2| 3.844e+08| 1.1707e+09| 0| -2.7313e-13| 30807.8| 0| 1.7374e+06| 7.36e+22| -1.15387e-17| 2.21295e-18| 0| 38000
| 3| 1.47526e-09| 1.5551e+09| 0| 1.16468e-13| 30807.8| 0| 1.7374e+06| 7.36e+22| 6.12987e-18| -1.04156e-17| 0| 38000
| 1| 2.51816e-09| 3.019e-09| 0| 1.59369e-13| 2.07312e-13| 0| 6.371e+06| 5.972e+24| 5.41563e-18| 8.23731e-18| 0| 38500
| 2| 3.844e+08| 1.1861e+09| 0| -2.78921e-13| 30807.8| 0| 1.7374e+06| 7.36e+22| -1.16262e-17| 2.27274e-18| 0| 38500
| 3| 1.53427e-09| 1.5705e+09| 0| 1.19553e-13| 30807.8| 0| 1.7374e+06| 7.36e+22| 6.21053e-18| -1.05101e-17| 0| 38500
| 1| 2.59852e-09| 3.12369e-09| 0| 1.62078e-13| 2.11439e-13| 0| 6.371e+06| 5.972e+24| 5.4222e-18| 8.27125e-18| 0| 39000
| 2| 3.844e+08| 1.2015e+09| 0| -2.84756e-13| 30807.8| 0| 1.7374e+06| 7.36e+22| -1.17134e-17| 2.333e-18| 0| 39000
| 3| 1.59482e-09| 1.5859e+09| 0| 1.22678e-13| 30807.8| 0| 1.7374e+06| 7.36e+22| 6.29118e-18| -1.06042e-17| 0| 39000
| 1| 2.68024e-09| 3.23044e-09| 0| 1.64791e-13| 2.15583e-13| 0| 6.371e+06| 5.972e+24| 5.42854e-18| 8.30447e-18| 0| 39500
| 2| 3.844e+08| 1.21691e+09| 0| -2.90635e-13| 30807.8| 0| 1.7374e+06| 7.36e+22| -1.18004e-17| 2.3937e-18| 0| 39500
| 3| 1.65695e-09| 1.60131e+09| 0| 1.25844e-13| 30807.8| 0| 1.7374e+06| 7.36e+22| 6.37184e-18| -1.06982e-17| 0| 39500
| 1| 2.76331e-09| 3.33927e-09| 0| 1.67507e-13| 2.19744e-13| 0| 6.371e+06| 5.972e+24| 5.43467e-18| 8.33702e-18| 0| 40000
| 2| 3.844e+08| 1.23231e+09| 0| -2.96556e-13| 30807.8| 0| 1.7374e+06| 7.36e+22| -1.18872e-17| 2.45483e-18| 0| 40000
| 3| 1.72067e-09| 1.61671e+09| 0| 1.2905e-13| 30807.8| 0| 1.7374e+06| 7.36e+22| 6.4525e-18| -1.07918e-17| 0| 40000
| 1| 2.84775e-09| 3.45019e-09| 0| 1.70225e-13| 2.2392e-13| 0| 6.371e+06| 5.972e+24| 5.44059e-18| 8.3689e-18| 0| 40500
| 2| 3.844e+08| 1.24772e+09| 0| -3.02522e-13| 30807.8| 0| 1.7374e+06| 7.36e+22| -1.19737e-17| 2.51638e-18| 0| 40500
| 3| 1.78601e-09| 1.63212e+09| 0| 1.32296e-13| 30807.8| 0| 1.7374e+06| 7.36e+22| 6.53315e-18| -1.08853e-17| 0| 40500
| 1| 2.93354e-09| 3.5632e-09| 0| 1.72947e-13| 2.28113e-13| 0| 6.371e+06| 5.972e+24| 5.44632e-18| 8.40013e-18| 0| 41000
| 2| 3.844e+08| 1.26312e+09| 0| -3.0853e-13| 30807.8| 0| 1.7374e+06| 7.36e+22| -1.20601e-17| 2.57834e-18| 0| 41000
| 3| 1.85298e-09| 1.64752e+09| 0| 1.35583e-13| 30807.8| 0| 1.7374e+06| 7.36e+22| 6.61381e-18| -1.09785e-17| 0| 41000
| 1| 3.0207e-09| 3.6783e-09| 0| 1.75672e-13| 2.3232e-13| 0| 6.371e+06| 5.972e+24| 5.45186e-18| 8.43074e-18| 0| 41500
| 2| 3.844e+08| 1.27852e+09| 0| -3.14582e-13| 30807.8| 0| 1.7374e+06| 7.36e+22| -1.21463e-17| 2.64069e-18| 0| 41500
| 3| 1.9216e-09| 1.66292e+09| 0| 1.3891e-13| 30807.8| 0| 1.7374e+06| 7.36e+22| 6.69446e-18| -1.10714e-17| 0| 41500
| 1| 3.10921e-09| 3.79552e-09| 0| 1.78399e-13| 2.36543e-13| 0| 6.371e+06| 5.972e+24| 5.45721e-18| 8.46074e-18| 0| 42000
| 2| 3.844e+08| 1.29393e+09| 0| -3.20676e-13| 30807.8| 0| 1.7374e+06| 7.36e+22| -1.22323e-17| 2.70343e-18| 0| 42000
| 3| 1.99189e-09| 1.67833e+09| 0| 1.42278e-13| 30807.8| 0| 1.7374e+06| 7.36e+22| 6.77512e-18| -1.11642e-17| 0| 42000
| 1| 3.1991e-09| 3.91485e-09| 0| 1.81129e-13| 2.40781e-13| 0| 6.371e+06| 5.972e+24| 5.4624e-18| 8.49015e-18| 0| 42500
| 2| 3.844e+08| 1.30933e+09| 0| -3.26814e-13| 30807.8| 0| 1.7374e+06| 7.36e+22| -1.23182e-17| 2.76653e-18| 0| 42500
| 3| 2.06388e-09| 1.69373e+09| 0| 1.45685e-13| 30807.8| 0| 1.7374e+06| 7.36e+22| 6.85578e-18| -1.12567e-17| 0| 42500
| 1| 3.29034e-09| 4.0363e-09| 0| 1.83861e-13| 2.45033e-13| 0| 6.371e+06| 5.972e+24| 5.46741e-18| 8.51899e-18| 0| 43000
| 2| 3.844e+08| 1.32473e+09| 0| -3.32995e-13| 30807.8| 0| 1.7374e+06| 7.36e+22| -1.24038e-17| 2.83e-18| 0| 43000
| 3| 2.13759e-09| 1.70913e+09| 0| 1.49133e-13| 30807.8| 0| 1.7374e+06| 7.36e+22| 6.93643e-18| -1.1349e-17| 0| 43000
| 1| 3.38296e-09| 4.15989e-09| 0| 1.86596e-13| 2.493e-13| 0| 6.371e+06| 5.972e+24| 5.47227e-18| 8.54726e-18| 0| 43500
| 2| 3.844e+08| 1.34014e+09| 0| -3.39218e-13| 30807.8| 0| 1.7374e+06| 7.36e+22| -1.24894e-17| 2.89381e-18| 0| 43500
| 3| 2.21302e-09| 1.72454e+09| 0| 1.52622e-13| 30807.8| 0| 1.7374e+06| 7.36e+22| 7.01709e-18| -1.14411e-17| 0| 43500
| 1| 3.47694e-09| 4.28561e-09| 0| 1.89334e-13| 2.5358e-13| 0| 6.371e+06| 5.972e+24| 5.47698e-18| 8.575e-18| 0| 44000
| 2| 3.844e+08| 1.35554e+09| 0| -3.45484e-13| 30807.8| 0| 1.7374e+06| 7.36e+22| -1.25747e-17| 2.95796e-18| 0| 44000
| 3| 2.29022e-09| 1.73994e+09| 0| 1.5615e-13| 30807.8| 0| 1.7374e+06| 7.36e+22| 7.09774e-18| -1.1533e-17| 0| 44000
| 1| 3.57229e-09| 4.41347e-09| 0| 1.92073e-13| 2.57875e-13| 0| 6.371e+06| 5.972e+24| 5.48154e-18| 8.60221e-18| 0| 44500
| 2| 3.844e+08| 1.37095e+09| 0| -3.51793e-13| 30807.8| 0| 1.7374e+06| 7.36e+22| -1.26599e-17| 3.02245e-18| 0| 44500
| 3| 2.36918e-09| 1.75535e+09| 0| 1.59719e-13| 30807.8| 0| 1.7374e+06| 7.36e+22| 7.1784e-18| -1.16247e-17| 0| 44500
| 1| 3.66901e-09| 4.54348e-09| 0| 1.94815e-13| 2.62183e-13| 0| 6.371e+06| 5.972e+24| 5.48596e-18| 8.62891e-18| 0| 45000
| 2| 3.844e+08| 1.38635e+09| 0| -3.58144e-13| 30807.8| 0| 1.7374e+06| 7.36e+22| -1.2745e-17| 3.08725e-18| 0| 45000
| 3| 2.44994e-09| 1.77075e+09| 0| 1.63329e-13| 30807.8| 0| 1.7374e+06| 7.36e+22| 7.25906e-18| -1.17162e-17| 0| 45000
| 1| 3.76711e-09| 4.67565e-09| 0| 1.97559e-13| 2.66504e-13| 0| 6.371e+06| 5.972e+24| 5.49024e-18| 8.65511e-18| 0| 45500
| 2| 3.844e+08| 1.40175e+09| 0| -3.64538e-13| 30807.8| 0| 1.7374e+06| 7.36e+22| -1.283e-17| 3.15237e-18| 0| 45500
| 3| 2.53252e-09| 1.78615e+09| 0| 1.66978e-13| 30807.8| 0| 1.7374e+06| 7.36e+22| 7.33971e-18| -1.18075e-17| 0| 45500
| 1| 3.86657e-09| 4.80999e-09| 0| 2.00305e-13| 2.70838e-13| 0| 6.371e+06| 5.972e+24| 5.4944e-18| 8.68082e-18| 0| 46000
| 2| 3.844e+08| 1.41716e+09| 0| -3.70974e-13| 30807.8| 0| 1.7374e+06| 7.36e+22| -1.29148e-17| 3.21779e-18| 0| 46000
| 3| 2.61693e-09| 1.80156e+09| 0| 1.70668e-13| 30807.8| 0| 1.7374e+06| 7.36e+22| 7.42037e-18| -1.18986e-17| 0| 46000
| 1| 3.96741e-09| 4.94649e-09| 0| 2.03053e-13| 2.75184e-13| 0| 6.371e+06| 5.972e+24| 5.49843e-18| 8.70606e-18| 0| 46500
| 2| 3.844e+08| 1.43256e+09| 0| -3.77452e-13| 30807.8| 0| 1.7374e+06| 7.36e+22| -1.29995e-17| 3.2835e-18| 0| 46500
| 3| 2.70319e-09| 1.81696e+09| 0| 1.74399e-13| 30807.8| 0| 1.7374e+06| 7.36e+22| 7.50102e-18| -1.19896e-17| 0| 46500
| 1| 4.06963e-09| 5.08518e-09| 0| 2.05804e-13| 2.79544e-13| 0| 6.371e+06| 5.972e+24| 5.50234e-18| 8.73084e-18| 0| 47000
| 2| 3.844e+08| 1.44797e+09| 0| -3.83973e-13| 30807.8| 0| 1.7374e+06| 7.36e+22| -1.3084e-17| 3.3495e-18| 0| 47000
| 3| 2.79133e-09| 1.83237e+09| 0| 1.78169e-13| 30807.8| 0| 1.7374e+06| 7.36e+22| 7.58168e-18| -1.20803e-17| 0| 47000
| 1| 4.17322e-09| 5.22604e-09| 0| 2.08556e-13| 2.83915e-13| 0| 6.371e+06| 5.972e+24| 5.50614e-18| 8.75518e-18| 0| 47500
| 2| 3.844e+08| 1.46337e+09| 0| -3.90536e-13| 30807.8| 0| 1.7374e+06| 7.36e+22| -1.31685e-17| 3.41578e-18| 0| 47500
| 3| 2.88137e-09| 1.84777e+09| 0| 1.8198e-13| 30807.8| 0| 1.7374e+06| 7.36e+22| 7.66234e-18| -1.2171e-17| 0| 47500
| 1| 4.27818e-09| 5.36909e-09| 0| 2.1131e-13| 2.88299e-13| 0| 6.371e+06| 5.972e+24| 5.50983e-18| 8.77908e-18| 0| 48000
| 2| 3.844e+08| 1.47877e+09| 0| -3.97142e-13| 30807.8| 0| 1.7374e+06| 7.36e+22| -1.32528e-17| 3.48232e-18| 0| 48000
| 3| 2.97332e-09| 1.86317e+09| 0| 1.85832e-13| 30807.8| 0| 1.7374e+06| 7.36e+22| 7.74299e-18| -1.22614e-17| 0| 48000
| 1| 4.38453e-09| 5.51434e-09| 0| 2.14066e-13| 2.92694e-13| 0| 6.371e+06| 5.972e+24| 5.51341e-18| 8.80255e-18| 0| 48500
| 2| 3.844e+08| 1.49418e+09| 0| -4.03789e-13| 30807.8| 0| 1.7374e+06| 7.36e+22| -1.33371e-17| 3.54913e-18| 0| 48500
| 3| 3.06721e-09| 1.87858e+09| 0| 1.89723e-13| 30807.8| 0| 1.7374e+06| 7.36e+22| 7.82365e-18| -1.23517e-17| 0| 48500
| 1| 4.49225e-09| 5.66179e-09| 0| 2.16823e-13| 2.97101e-13| 0| 6.371e+06| 5.972e+24| 5.51689e-18| 8.82561e-18| 0| 49000
| 2| 3.844e+08| 1.50958e+09| 0| -4.10479e-13| 30807.8| 0| 1.7374e+06| 7.36e+22| -1.34212e-17| 3.6162e-18| 0| 49000
| 3| 3.16305e-09| 1.89398e+09| 0| 1.93655e-13| 30807.8| 0| 1.7374e+06| 7.36e+22| 7.9043e-18| -1.24418e-17| 0| 49000
| 1| 4.60135e-09| 5.81145e-09| 0| 2.19582e-13| 3.0152e-13| 0| 6.371e+06| 5.972e+24| 5.52027e-18| 8.84827e-18| 0| 49500
| 2| 3.844e+08| 1.52499e+09| 0| -4.1721e-13| 30807.8| 0| 1.7374e+06| 7.36e+22| -1.35052e-17| 3.68352e-18| 0| 49500
| 3| 3.26087e-09| 1.90939e+09| 0| 1.97628e-13| 30807.8| 0| 1.7374e+06| 7.36e+22| 7.98496e-18| -1.25318e-17| 0| 49500
| 1| 4.71183e-09| 5.96331e-09| 0| 2.22343e-13| 3.05949e-13| 0| 6.371e+06| 5.972e+24| 5.52355e-18| 8.87054e-18| 0| 50000
| 2| 3.844e+08| 1.54039e+09| 0| -4.23984e-13| 30807.8| 0| 1.7374e+06| 7.36e+22| -1.35892e-17| 3.75108e-18| 0| 50000
| 3| 3.36069e-09| 1.92479e+09| 0| 2.0164e-13| 30807.8| 0| 1.7374e+06| 7.36e+22| 8.06562e-18| -1.26216e-17| 0| 50000
| 1| 4.8237e-09| 6.1174e-09| 0| 2.25106e-13| 3.1039e-13| 0| 6.371e+06| 5.972e+24| 5.52674e-18| 8.89242e-18| 0| 50500
| 2| 3.844e+08| 1.55579e+09| 0| -4.30799e-13| 30807.8| 0| 1.7374e+06| 7.36e+22| -1.3673e-17| 3.81888e-18| 0| 50500
| 3| 3.46252e-09| 1.94019e+09| 0| 2.05693e-13| 30807.8| 0| 1.7374e+06| 7.36e+22| 8.14627e-18| -1.27113e-17| 0| 50500
| 1| 4.93694e-09| 6.2737e-09| 0| 2.2787e-13| 3.14842e-13| 0| 6.371e+06| 5.972e+24| 5.52985e-18| 8.91394e-18| 0| 51000
| 2| 3.844e+08| 1.5712e+09| 0| -4.37657e-13| 30807.8| 0| 1.7374e+06| 7.36e+22| -1.37568e-17| 3.88691e-18| 0| 51000
| 3| 3.56639e-09| 1.9556e+09| 0| 2.09787e-13| 30807.8| 0| 1.7374e+06| 7.36e+22| 8.22693e-18| -1.28008e-17| 0| 51000
| 1| 5.05157e-09| 6.43224e-09| 0| 2.30636e-13| 3.19304e-13| 0| 6.371e+06| 5.972e+24| 5.53287e-18| 8.93509e-18| 0| 51500
| 2| 3.844e+08| 1.5866e+09| 0| -4.44556e-13| 30807.8| 0| 1.7374e+06| 7.36e+22| -1.38405e-17| 3.95516e-18| 0| 51500
| 3| 3.67231e-09| 1.971e+09| 0| 2.1392e-13| 30807.8| 0| 1.7374e+06| 7.36e+22| 8.30758e-18| -1.28902e-17| 0| 51500
| 1| 5.16758e-09| 6.59301e-09| 0| 2.33403e-13| 3.23777e-13| 0| 6.371e+06| 5.972e+24| 5.5358e-18| 8.95588e-18| 0| 52000
| 2| 3.844e+08| 1.602e+09| 0| -4.51497e-13| 30807.8| 0| 1.7374e+06| 7.36e+22| -1.3924e-17| 4.02363e-18| 0| 52000
| 3| 3.78031e-09| 1.9864e+09| 0| 2.18094e-13| 30807.8| 0| 1.7374e+06| 7.36e+22| 8.38824e-18| -1.29795e-17| 0| 52000
| 1| 5.28497e-09| 6.75602e-09| 0| 2.36172e-13| 3.2826e-13| 0| 6.371e+06| 5.972e+24| 5.53866e-18| 8.97633e-18| 0| 52500
| 2| 3.844e+08| 1.61741e+09| 0| -4.5848e-13| 30807.8| 0| 1.7374e+06| 7.36e+22| -1.40076e-17| 4.09232e-18| 0| 52500
| 3| 3.89041e-09| 2.00181e+09| 0| 2.22309e-13| 30807.8| 0| 1.7374e+06| 7.36e+22| 8.4689e-18| -1.30686e-17| 0| 52500
| 1| 5.40375e-09| 6.92127e-09| 0| 2.38942e-13| 3.32753e-13| 0| 6.371e+06| 5.972e+24| 5.54145e-18| 8.99644e-18| 0| 53000
| 2| 3.844e+08| 1.63281e+09| 0| -4.65505e-13| 30807.8| 0| 1.7374e+06| 7.36e+22| -1.4091e-17| 4.16121e-18| 0| 53000
| 3| 4.00263e-09| 2.01721e+09| 0| 2.26563e-13| 30807.8| 0| 1.7374e+06| 7.36e+22| 8.54955e-18| -1.31576e-17| 0| 53000
| 1| 5.52391e-09| 7.08877e-09| 0| 2.41713e-13| 3.37256e-13| 0| 6.371e+06| 5.972e+24| 5.54415e-18| 9.01622e-18| 0| 53500
| 2| 3.844e+08| 1.64822e+09| 0| -4.72571e-13| 30807.8| 0| 1.7374e+06| 7.36e+22| -1.41744e-17| 4.23031e-18| 0| 53500
| 3| 4.11698e-09| 2.03262e+09| 0| 2.30858e-13| 30807.8| 0| 1.7374e+06| 7.36e+22| 8.63021e-18| -1.32465e-17| 0| 53500
| 1| 5.64546e-09| 7.25853e-09| 0| 2.44486e-13| 3.41769e-13| 0| 6.371e+06| 5.972e+24| 5.54679e-18| 9.03568e-18| 0| 54000
| 2| 3.844e+08| 1.66362e+09| 0| -4.79679e-13| 30807.8| 0| 1.7374e+06| 7.36e+22| -1.42577e-17| 4.2996e-18| 0| 54000
| 3| 4.2335e-09| 2.04802e+09| 0| 2.35193e-13| 30807.8| 0| 1.7374e+06| 7.36e+22| 8.71086e-18| -1.33353e-17| 0| 54000
| 1| 5.7684e-09| 7.43055e-09| 0| 2.4726e-13| 3.46292e-13| 0| 6.371e+06| 5.972e+24| 5.54936e-18| 9.05483e-18| 0| 54500
| 2| 3.844e+08| 1.67902e+09| 0| -4.86829e-13| 30807.8| 0| 1.7374e+06| 7.36e+22| -1.43409e-17| 4.36908e-18| 0| 54500
| 3| 4.35218e-09| 2.06342e+09| 0| 2.39569e-13| 30807.8| 0| 1.7374e+06| 7.36e+22| 8.79152e-18| -1.34239e-17| 0| 54500
| 1| 5.89272e-09| 7.60482e-09| 0| 2.50035e-13| 3.50824e-13| 0| 6.371e+06| 5.972e+24| 5.55186e-18| 9.07367e-18| 0| 55000
| 2| 3.844e+08| 1.69443e+09| 0| -4.9402e-13| 30807.8| 0| 1.7374e+06| 7.36e+22| -1.4424e-17| 4.43876e-18| 0| 55000
| 3| 4.47307e-09| 2.07883e+09| 0| 2.43985e-13| 30807.8| 0| 1.7374e+06| 7.36e+22| 8.87218e-18| -1.35124e-17| 0| 55000
| 1| 6.01843e-09| 7.78137e-09| 0| 2.52812e-13| 3.55365e-13| 0| 6.371e+06| 5.972e+24| 5.5543e-18| 9.09221e-18| 0| 55500
| 2| 3.844e+08| 1.70983e+09| 0| -5.01253e-13| 30807.8| 0| 1.7374e+06| 7.36e+22| -1.45071e-17| 4.50862e-18| 0| 55500
| 3| 4.59618e-09| 2.09423e+09| 0| 2.48441e-13| 30807.8| 0| 1.7374e+06| 7.36e+22| 8.95283e-18| -1.36008e-17| 0| 55500
| 1| 6.14553e-09| 7.96019e-09| 0| 2.55589e-13| 3.59916e-13| 0| 6.371e+06| 5.972e+24| 5.55668e-18| 9.11046e-18| 0| 56000
| 2| 3.844e+08| 1.72524e+09| 0| -5.08527e-13| 30807.8| 0| 1.7374e+06| 7.36e+22| -1.45902e-17| 4.57865e-18| 0| 56000
| 3| 4.72152e-09| 2.10964e+09| 0| 2.52938e-13| 30807.8| 0| 1.7374e+06| 7.36e+22| 9.03349e-18| -1.36891e-17| 0| 56000
| 1| 6.27402e-09| 8.14129e-09| 0| 2.58368e-13| 3.64476e-13| 0| 6.371e+06| 5.972e+24| 5.559e-18| 9.12842e-18| 0| 56500
| 2| 3.844e+08| 1.74064e+09| 0| -5.15843e-13| 30807.8| 0| 1.7374e+06| 7.36e+22| -1.46731e-17| 4.64886e-18| 0| 56500
| 3| 4.84912e-09| 2.12504e+09| 0| 2.57475e-13| 30807.8| 0| 1.7374e+06| 7.36e+22| 9.11414e-18| -1.37773e-17| 0| 56500
| 1| 6.4039e-09| 8.32467e-09| 0| 2.61148e-13| 3.69044e-13| 0| 6.371e+06| 5.972e+24| 5.56126e-18| 9.14611e-18| 0| 57000
| 2| 3.844e+08| 1.75604e+09| 0| -5.232e-13| 30807.8| 0| 1.7374e+06| 7.36e+22| -1.47561e-17| 4.71925e-18| 0| 57000
| 3| 4.979e-09| 2.14044e+09| 0| 2.62052e-13| 30807.8| 0| 1.7374e+06| 7.36e+22| 9.1948e-18| -1.38654e-17| 0| 57000
| 1| 6.53517e-09| 8.51034e-09| 0| 2.6393e-13| 3.73622e-13| 0| 6.371e+06| 5.972e+24| 5.56346e-18| 9.16352e-18| 0| 57500
| 2| 3.844e+08| 1.77145e+09| 0| -5.30599e-13| 30807.8| 0| 1.7374e+06| 7.36e+22| -1.48389e-17| 4.78979e-18| 0| 57500
| 3| 5.11118e-09| 2.15585e+09| 0| 2.66669e-13| 30807.8| 0| 1.7374e+06| 7.36e+22| 9.27546e-18| -1.39533e-17| 0| 57500
| 1| 6.66783e-09| 8.69829e-09| 0| 2.66712e-13| 3.78208e-13| 0| 6.371e+06| 5.972e+24| 5.56561e-18| 9.18067e-18| 0| 58000
| 2| 3.844e+08| 1.78685e+09| 0| -5.38039e-13| 30807.8| 0| 1.7374e+06| 7.36e+22| -1.49217e-17| 4.8605e-18| 0| 58000
| 3| 5.24568e-09| 2.17125e+09| 0| 2.71327e-13| 30807.8| 0| 1.7374e+06| 7.36e+22| 9.35611e-18| -1.40412e-17| 0| 58000
| 1| 6.80189e-09| 8.88855e-09| 0| 2.69495e-13| 3.82802e-13| 0| 6.371e+06| 5.972e+24| 5.5677e-18| 9.19755e-18| 0| 58500
| 2| 3.844e+08| 1.80226e+09| 0| -5.45521e-13| 30807.8| 0| 1.7374e+06| 7.36e+22| -1.50045e-17| 4.93137e-18| 0| 58500
| 3| 5.38252e-09| 2.18666e+09| 0| 2.76025e-13| 30807.8| 0| 1.7374e+06| 7.36e+22| 9.43677e-18| -1.41289e-17| 0| 58500
| 1| 6.93733e-09| 9.0811e-09| 0| 2.7228e-13| 3.87405e-13| 0| 6.371e+06| 5.972e+24| 5.56975e-18| 9.21419e-18| 0| 59000
| 2| 3.844e+08| 1.81766e+09| 0| -5.53044e-13| 30807.8| 0| 1.7374e+06| 7.36e+22| -1.50872e-17| 5.0024e-18| 0| 59000
| 3| 5.52171e-09| 2.20206e+09| 0| 2.80764e-13| 30807.8| 0| 1.7374e+06| 7.36e+22| 9.51742e-18| -1.42166e-17| 0| 59000
| 1| 7.07417e-09| 9.27595e-09| 0| 2.75065e-13| 3.92017e-13| 0| 6.371e+06| 5.972e+24| 5.57175e-18| 9.23057e-18| 0| 59500
| 2| 3.844e+08| 1.83306e+09| 0| -5.60608e-13| 30807.8| 0| 1.7374e+06| 7.36e+22| -1.51698e-17| 5.07358e-18| 0| 59500
| 3| 5.66329e-09| 2.21746e+09| 0| 2.85543e-13| 30807.8| 0| 1.7374e+06| 7.36e+22| 9.59808e-18| -1.43041e-17| 0| 59500
| 1| 7.21239e-09| 9.47312e-09| 0| 2.77851e-13| 3.96636e-13| 0| 6.371e+06| 5.972e+24| 5.57369e-18| 9.24671e-18| 0| 60000
| 2| 3.844e+08| 1.84847e+09| 0| -5.68213e-13| 30807.8| 0| 1.7374e+06| 7.36e+22| -1.52524e-17| 5.1449e-18| 0| 60000
| 3| 5.80726e-09| 2.23287e+09| 0| 2.90362e-13| 30807.8| 0| 1.7374e+06| 7.36e+22| 9.67874e-18| -1.43916e-17| 0| 60000
| 1| 7.35202e-09| 9.67259e-09| 0| 2.80639e-13| 4.01263e-13| 0| 6.371e+06| 5.972e+24| 5.5756e-18| 9.26261e-18| 0| 60500
| 2| 3.844e+08| 1.86387e+09| 0| -5.7586e-13| 30807.8| 0| 1.7374e+06| 7.36e+22| -1.5335e-17| 5.21637e-18| 0| 60500
| 3| 5.95366e-09| 2.24827e+09| 0| 2.95222e-13| 30807.8| 0| 1.7374e+06| 7.36e+22| 9.75939e-18| -1.4479e-17| 0| 60500
| 1| 7.49303e-09| 9.87438e-09| 0| 2.83427e-13| 4.05899e-13| 0| 6.371e+06| 5.972e+24| 5.57745e-18| 9.27828e-18| 0| 61000
| 2| 3.844e+08| 1.87927e+09| 0| -5.83548e-13| 30807.8| 0| 1.7374e+06| 7.36e+22| -1.54175e-17| 5.28798e-18| 0| 61000
| 3| 6.10249e-09| 2.26367e+09| 0| 3.00121e-13| 30807.8| 0| 1.7374e+06| 7.36e+22| 9.84005e-18| -1.45663e-17| 0| 61000
| 1| 7.63544e-09| 1.00785e-08| 0| 2.86216e-13| 4.10542e-13| 0| 6.371e+06| 5.972e+24| 5.57927e-18| 9.29372e-18| 0| 61500
| 2| 3.844e+08| 1.89468e+09| 0| -5.91278e-13| 30807.8| 0| 1.7374e+06| 7.36e+22| -1.55e-17| 5.35973e-18| 0| 61500
| 3| 6.25378e-09| 2.27908e+09| 0| 3.05062e-13| 30807.8| 0| 1.7374e+06| 7.36e+22| 9.9207e-18| -1.46534e-17| 0| 61500
| 1| 7.77925e-09| 1.02849e-08| 0| 2.89006e-13| 4.15192e-13| 0| 6.371e+06| 5.972e+24| 5.58104e-18| 9.30894e-18| 0| 62000
| 2| 3.844e+08| 1.91008e+09| 0| -5.99048e-13| 30807.8| 0| 1.7374e+06| 7.36e+22| -1.55824e-17| 5.43161e-18| 0| 62000
| 3| 6.40756e-09| 2.29448e+09| 0| 3.10042e-13| 30807.8| 0| 1.7374e+06| 7.36e+22| 1.00014e-17| -1.47406e-17| 0| 62000
| 1| 7.92445e-09| 1.04937e-08| 0| 2.91797e-13| 4.1985e-13| 0| 6.371e+06| 5.972e+24| 5.58277e-18| 9.32394e-18| 0| 62500
| 2| 3.844e+08| 1.92549e+09| 0| -6.0686e-13| 30807.8| 0| 1.7374e+06| 7.36e+22| -1.56648e-17| 5.50363e-18| 0| 62500
| 3| 6.56383e-09| 2.30989e+09| 0| 3.15063e-13| 30807.8| 0| 1.7374e+06| 7.36e+22| 1.0082e-17| -1.48276e-17| 0| 62500
| 1| 8.07105e-09| 1.07048e-08| 0| 2.94589e-13| 4.24516e-13| 0| 6.371e+06| 5.972e+24| 5.58447e-18| 9.33872e-18| 0| 63000
| 2| 3.844e+08| 1.94089e+09| 0| -6.14713e-13| 30807.8| 0| 1.7374e+06| 7.36e+22| -1.57471e-17| 5.57578e-18| 0| 63000
| 3| 6.72263e-09| 2.32529e+09| 0| 3.20124e-13| 30807.8| 0| 1.7374e+06| 7.36e+22| 1.01627e-17| -1.49145e-17| 0| 63000
| 1| 8.21904e-09| 1.09182e-08| 0| 2.97382e-13| 4.29189e-13| 0| 6.371e+06| 5.972e+24| 5.58612e-18| 9.3533e-18| 0| 63500
| 2| 3.844e+08| 1.95629e+09| 0| -6.22607e-13| 30807.8| 0| 1.7374e+06| 7.36e+22| -1.58294e-17| 5.64805e-18| 0| 63500
| 3| 6.88397e-09| 2.34069e+09| 0| 3.25226e-13| 30807.8| 0| 1.7374e+06| 7.36e+22| 1.02433e-17| -1.50013e-17| 0| 63500
| 1| 8.36843e-09| 1.1134e-08| 0| 3.00175e-13| 4.33869e-13| 0| 6.371e+06| 5.972e+24| 5.58774e-18| 9.36767e-18| 0| 64000
| 2| 3.844e+08| 1.9717e+09| 0| -6.30543e-13| 30807.8| 0| 1.7374e+06| 7.36e+22| -1.59117e-17| 5.72044e-18| 0| 64000
| 3| 7.04786e-09| 2.3561e+09| 0| 3.30368e-13| 30807.8| 0| 1.7374e+06| 7.36e+22| 1.0324e-17| -1.50881e-17| 0| 64000
| 1| 8.51922e-09| 1.13521e-08| 0| 3.02969e-13| 4.38557e-13| 0| 6.371e+06| 5.972e+24| 5.58932e-18| 9.38185e-18| 0| 64500
| 2| 3.844e+08| 1.9871e+09| 0| -6.38519e-13| 30807.8| 0| 1.7374e+06| 7.36e+22| -1.5994e-17| 5.79296e-18| 0| 64500
| 3| 7.21434e-09| 2.3715e+09| 0| 3.3555e-13| 30807.8| 0| 1.7374e+06| 7.36e+22| 1.04046e-17| -1.51748e-17| 0| 64500
| 1| 8.6714e-09| 1.15725e-08| 0| 3.05764e-13| 4.43251e-13| 0| 6.371e+06| 5.972e+24| 5.59086e-18| 9.39582e-18| 0| 65000
| 2| 3.844e+08| 2.00251e+09| 0| -6.46537e-13| 30807.8| 0| 1.7374e+06| 7.36e+22| -1.60762e-17| 5.8656e-18| 0| 65000
| 3| 7.38342e-09| 2.38691e+09| 0| 3.40772e-13| 30807.8| 0| 1.7374e+06| 7.36e+22| 1.04853e-17| -1.52614e-17| 0| 65000
| 1| 8.82498e-09| 1.17953e-08| 0| 3.0856e-13| 4.47953e-13| 0| 6.371e+06| 5.972e+24| 5.59237e-18| 9.4096e-18| 0| 65500
| 2| 3.844e+08| 2.01791e+09| 0| -6.54595e-13| 30807.8| 0| 1.7374e+06| 7.36e+22| -1.61583e-17| 5.93835e-18| 0| 65500
| 3| 7.55512e-09| 2.40231e+09| 0| 3.46035e-13| 30807.8| 0| 1.7374e+06| 7.36e+22| 1.0566e-17| -1.5348e-17| 0| 65500
| 1| 8.97996e-09| 1.20205e-08| 0| 3.11357e-13| 4.52661e-13| 0| 6.371e+06| 5.972e+24| 5.59385e-18| 9.4232e-18| 0| 66000
| 2| 3.844e+08| 2.03331e+09| 0| -6.62695e-13| 30807.8| 0| 1.7374e+06| 7.36e+22| -1.62405e-17| 6.01121e-18| 0| 66000
| 3| 7.72946e-09| 2.41771e+09| 0| 3.51338e-13| 30807.8| 0| 1.7374e+06| 7.36e+22| 1.06466e-17| -1.54344e-17| 0| 66000
| 1| 9.13634e-09| 1.2248e-08| 0| 3.14154e-13| 4.57376e-13| 0| 6.371e+06| 5.972e+24| 5.5953e-18| 9.43661e-18| 0| 66500
| 2| 3.844e+08| 2.04872e+09| 0| -6.70836e-13| 30807.8| 0| 1.7374e+06| 7.36e+22| -1.63226e-17| 6.08419e-18| 0| 66500
| 3| 7.90646e-09| 2.43312e+09| 0| 3.56682e-13| 30807.8| 0| 1.7374e+06| 7.36e+22| 1.07273e-17| -1.55208e-17| 0| 66500
| 1| 9.29411e-09| 1.24779e-08| 0| 3.16952e-13| 4.62097e-13| 0| 6.371e+06| 5.972e+24| 5.59671e-18| 9.44984e-18| 0| 67000
| 2| 3.844e+08| 2.06412e+09| 0| -6.79017e-13| 30807.8| 0| 1.7374e+06| 7.36e+22| -1.64046e-17| 6.15727e-18| 0| 67000
| 3| 8.08615e-09| 2.44852e+09| 0| 3.62065e-13| 30807.8| 0| 1.7374e+06| 7.36e+22| 1.08079e-17| -1.56071e-17| 0| 67000
| 1| 9.45329e-09| 1.27101e-08| 0| 3.19751e-13| 4.66826e-13| 0| 6.371e+06| 5.972e+24| 5.5981e-18| 9.46289e-18| 0| 67500
| 2| 3.844e+08| 2.07953e+09| 0| -6.8724e-13| 30807.8| 0| 1.7374e+06| 7.36e+22| -1.64867e-17| 6.23046e-18| 0| 67500
| 3| 8.26854e-09| 2.46393e+09| 0| 3.67489e-13| 30807.8| 0| 1.7374e+06| 7.36e+22| 1.08886e-17| -1.56934e-17| 0| 67500
| 1| 9.61387e-09| 1.29447e-08| 0| 3.2255e-13| 4.7156e-13| 0| 6.371e+06| 5.972e+24| 5.59945e-18| 9.47577e-18| 0| 68000
| 2| 3.844e+08| 2.09493e+09| 0| -6.95504e-13| 30807.8| 0| 1.7374e+06| 7.36e+22| -1.65687e-17| 6.30376e-18| 0| 68000
| 3| 8.45365e-09| 2.47933e+09| 0| 3.72954e-13| 30807.8| 0| 1.7374e+06| 7.36e+22| 1.09692e-17| -1.57795e-17| 0| 68000
| 1| 9.77584e-09| 1.31817e-08| 0| 3.2535e-13| 4.76301e-13| 0| 6.371e+06| 5.972e+24| 5.60078e-18| 9.48848e-18| 0| 68500
| 2| 3.844e+08| 2.11033e+09| 0| -7.03809e-13| 30807.8| 0| 1.7374e+06| 7.36e+22| -1.66507e-17| 6.37716e-18| 0| 68500
| 3| 8.6415e-09| 2.49473e+09| 0| 3.78459e-13| 30807.8| 0| 1.7374e+06| 7.36e+22| 1.10499e-17| -1.58656e-17| 0| 68500
| 1| 9.93922e-09| 1.3421e-08| 0| 3.28151e-13| 4.81049e-13| 0| 6.371e+06| 5.972e+24| 5.60208e-18| 9.50102e-18| 0| 69000
| 2| 3.844e+08| 2.12574e+09| 0| -7.12155e-13| 30807.8| 0| 1.7374e+06| 7.36e+22| -1.67326e-17| 6.45066e-18| 0| 69000
| 3| 8.83211e-09| 2.51014e+09| 0| 3.84004e-13| 30807.8| 0| 1.7374e+06| 7.36e+22| 1.11305e-17| -1.59517e-17| 0| 69000
| 1| 1.0104e-08| 1.36627e-08| 0| 3.30952e-13| 4.85802e-13| 0| 6.371e+06| 5.972e+24| 5.60335e-18| 9.51339e-18| 0| 69500
| 2| 3.844e+08| 2.14114e+09| 0| -7.20541e-13| 30807.8| 0| 1.7374e+06| 7.36e+22| -1.68146e-17| 6.52425e-18| 0| 69500
| 3| 9.02551e-09| 2.52554e+09| 0| 3.89589e-13| 30807.8| 0| 1.7374e+06| 7.36e+22| 1.12112e-17| -1.60376e-17| 0| 69500
| 1| 1.02702e-08| 1.39068e-08| 0| 3.33754e-13| 4.90562e-13| 0| 6.371e+06| 5.972e+24| 5.6046e-18| 9.52561e-18| 0| 70000
| 2| 3.844e+08| 2.15654e+09| 0| -7.28969e-13| 30807.8| 0| 1.7374e+06| 7.36e+22| -1.68965e-17| 6.59795e-18| 0| 70000
| 3| 9.22171e-09| 2.54094e+09| 0| 3.95215e-13| 30807.8| 0| 1.7374e+06| 7.36e+22| 1.12919e-17| -1.61236e-17| 0| 70000
| 1| 1.04377e-08| 1.41533e-08| 0| 3.36557e-13| 4.95328e-13| 0| 6.371e+06| 5.972e+24| 5.60582e-18| 9.53767e-18| 0| 70500
| 2| 3.844e+08| 2.17195e+09| 0| -7.37438e-13| 30807.8| 0| 1.7374e+06| 7.36e+22| -1.69783e-17| 6.67173e-18| 0| 70500
| 3| 9.42073e-09| 2.55635e+09| 0| 4.00881e-13| 30807.8| 0| 1.7374e+06| 7.36e+22| 1.13725e-17| -1.62094e-17| 0| 70500
| 1| 1.06067e-08| 1.44021e-08| 0| 3.3936e-13| 5.001e-13| 0| 6.371e+06| 5.972e+24| 5.60701e-18| 9.54957e-18| 0| 71000
| 2| 3.844e+08| 2.18735e+09| 0| -7.45948e-13| 30807.8| 0| 1.7374e+06| 7.36e+22| -1.70602e-17| 6.74561e-18| 0| 71000
| 3| 9.6226e-09| 2.57175e+09| 0| 4.06587e-13| 30807.8| 0| 1.7374e+06| 7.36e+22| 1.14532e-17| -1.62952e-17| 0| 71000
| 1| 1.07771e-08| 1.46534e-08| 0| 3.42164e-13| 5.04877e-13| 0| 6.371e+06| 5.972e+24| 5.60818e-18| 9.56133e-18| 0| 71500
| 2| 3.844e+08| 2.20276e+09| 0| -7.54498e-13| 30807.8| 0| 1.7374e+06| 7.36e+22| -1.7142e-17| 6.81958e-18| 0| 71500
| 3| 9.82733e-09| 2.58716e+09| 0| 4.12334e-13| 30807.8| 0| 1.7374e+06| 7.36e+22| 1.15338e-17| -1.63809e-17| 0| 71500
| 1| 1.09489e-08| 1.4907e-08| 0| 3.44968e-13| 5.09661e-13| 0| 6.371e+06| 5.972e+24| 5.60933e-18| 9.57293e-18| 0| 72000
| 2| 3.844e+08| 2.21816e+09| 0| -7.6309e-13| 30807.8| 0| 1.7374e+06| 7.36e+22| -1.72238e-17| 6.89364e-18| 0| 72000
| 3| 1.00349e-08| 2.60256e+09| 0| 4.18121e-13| 30807.8| 0| 1.7374e+06| 7.36e+22| 1.16145e-17| -1.64666e-17| 0| 72000
| 1| 1.11221e-08| 1.5163e-08| 0| 3.47773e-13| 5.1445e-13| 0| 6.371e+06| 5.972e+24| 5.61046e-18| 9.58439e-18| 0| 72500
| 2| 3.844e+08| 2.23356e+09| 0| -7.71722e-13| 30807.8| 0| 1.7374e+06| 7.36e+22| -1.73056e-17| 6.96779e-18| 0| 72500
| 3| 1.02455e-08| 2.61796e+09| 0| 4.23949e-13| 30807.8| 0| 1.7374e+06| 7.36e+22| 1.16951e-17| -1.65522e-17| 0| 72500
| 1| 1.12967e-08| 1.54215e-08| 0| 3.50579e-13| 5.19245e-13| 0| 6.371e+06| 5.972e+24| 5.61156e-18| 9.5957e-18| 0| 73000
| 2| 3.844e+08| 2.24897e+09| 0| -7.80395e-13| 30807.8| 0| 1.7374e+06| 7.36e+22| -1.73874e-17| 7.04202e-18| 0| 73000
| 3| 1.04589e-08| 2.63337e+09| 0| 4.29816e-13| 30807.8| 0| 1.7374e+06| 7.36e+22| 1.17758e-17| -1.66377e-17| 0| 73000
| 1| 1.14727e-08| 1.56823e-08| 0| 3.53385e-13| 5.24046e-13| 0| 6.371e+06| 5.972e+24| 5.61264e-18| 9.60688e-18| 0| 73500
| 2| 3.844e+08| 2.26437e+09| 0| -7.89109e-13| 30807.8| 0| 1.7374e+06| 7.36e+22| -1.74691e-17| 7.11633e-18| 0| 73500
| 3| 1.06753e-08| 2.64877e+09| 0| 4.35724e-13| 30807.8| 0| 1.7374e+06| 7.36e+22| 1.18564e-17| -1.67232e-17| 0| 73500
| 1| 1.165e-08| 1.59455e-08| 0| 3.56191e-13| 5.28852e-13| 0| 6.371e+06| 5.972e+24| 5.6137e-18| 9.61791e-18| 0| 74000
| 2| 3.844e+08| 2.27978e+09| 0| -7.97864e-13| 30807.8| 0| 1.7374e+06| 7.36e+22| -1.75508e-17| 7.19073e-18| 0| 74000
| 3| 1.08946e-08| 2.66418e+09| 0| 4.41673e-13| 30807.8| 0| 1.7374e+06| 7.36e+22| 1.19371e-17| -1.68086e-17| 0| 74000
| 1| 1.18288e-08| 1.62111e-08| 0| 3.58998e-13| 5.33664e-13| 0| 6.371e+06| 5.972e+24| 5.61474e-18| 9.62881e-18| 0| 74500
| 2| 3.844e+08| 2.29518e+09| 0| -8.0666e-13| 30807.8| 0| 1.7374e+06| 7.36e+22| -1.76325e-17| 7.26521e-18| 0| 74500
| 3| 1.1117e-08| 2.67958e+09| 0| 4.47662e-13| 30807.8| 0| 1.7374e+06| 7.36e+22| 1.20178e-17| -1.6894e-17| 0| 74500
| 1| 1.2009e-08| 1.64792e-08| 0| 3.61806e-13| 5.38481e-13| 0| 6.371e+06| 5.972e+24| 5.61575e-18| 9.63958e-18| 0| 75000
| 2| 3.844e+08| 2.31058e+09| 0| -8.15497e-13| 30807.8| 0| 1.7374e+06| 7.36e+22| -1.77142e-17| 7.33976e-18| 0| 75000
| 3| 1.13423e-08| 2.69498e+09| 0| 4.53691e-13| 30807.8| 0| 1.7374e+06| 7.36e+22| 1.20984e-17| -1.69793e-17| 0| 75000
| 1| 1.21907e-08| 1.67496e-08| 0| 3.64614e-13| 5.43303e-13| 0| 6.371e+06| 5.972e+24| 5.61675e-18| 9.65022e-18| 0| 75500
| 2| 3.844e+08| 2.32599e+09| 0| -8.24374e-13| 30807.8| 0| 1.7374e+06| 7.36e+22| -1.77958e-17| 7.4144e-18| 0| 75500
| 3| 1.15707e-08| 2.71039e+09| 0| 4.5976e-13| 30807.8| 0| 1.7374e+06| 7.36e+22| 1.21791e-17| -1.70646e-17| 0| 75500
| 1| 1.23737e-08| 1.70225e-08| 0| 3.67423e-13| 5.48131e-13| 0| 6.371e+06| 5.972e+24| 5.61773e-18| 9.66073e-18| 0| 76000
| 2| 3.844e+08| 2.34139e+09| 0| -8.33293e-13| 30807.8| 0| 1.7374e+06| 7.36e+22| -1.78775e-17| 7.48911e-18| 0| 76000
| 3| 1.18021e-08| 2.72579e+09| 0| 4.6587e-13| 30807.8| 0| 1.7374e+06| 7.36e+22| 1.22597e-17| -1.71498e-17| 0| 76000
| 1| 1.25581e-08| 1.72977e-08| 0| 3.70232e-13| 5.52964e-13| 0| 6.371e+06| 5.972e+24| 5.61869e-18| 9.67111e-18| 0| 76500
| 2| 3.844e+08| 2.3568e+09| 0| -8.42252e-13| 30807.8| 0| 1.7374e+06| 7.36e+22| -1.79591e-17| 7.56389e-18| 0| 76500
| 3| 1.20365e-08| 2.7412e+09| 0| 4.7202e-13| 30807.8| 0| 1.7374e+06| 7.36e+22| 1.23404e-17| -1.7235e-17| 0| 76500
| 1| 1.27439e-08| 1.75754e-08| 0| 3.73042e-13| 5.57802e-13| 0| 6.371e+06| 5.972e+24| 5.61964e-18| 9.68137e-18| 0| 77000
| 2| 3.844e+08| 2.3722e+09| 0| -8.51252e-13| 30807.8| 0| 1.7374e+06| 7.36e+22| -1.80407e-17| 7.63875e-18| 0| 77000
| 3| 1.22741e-08| 2.7566e+09| 0| 4.7821e-13| 30807.8| 0| 1.7374e+06| 7.36e+22| 1.2421e-17| -1.73201e-17| 0| 77000
| 1| 1.29311e-08| 1.78555e-08| 0| 3.75852e-13| 5.62645e-13| 0| 6.371e+06| 5.972e+24| 5.62056e-18| 9.69151e-18| 0| 77500
| 2| 3.844e+08| 2.3876e+09| 0| -8.60292e-13| 30807.8| 0| 1.7374e+06| 7.36e+22| -1.81223e-17| 7.71368e-18| 0| 77500
| 3| 1.25148e-08| 2.772e+09| 0| 4.84441e-13| 30807.8| 0| 1.7374e+06| 7.36e+22| 1.25017e-17| -1.74052e-17| 0| 77500
| 1| 1.31197e-08| 1.81381e-08| 0| 3.78662e-13| 5.67494e-13| 0| 6.371e+06| 5.972e+24| 5.62147e-18| 9.70153e-18| 0| 78000
| 2| 3.844e+08| 2.40301e+09| 0| -8.69374e-13| 30807.8| 0| 1.7374e+06| 7.36e+22| -1.82038e-17| 7.78868e-18| 0| 78000
| 3| 1.27585e-08| 2.78741e+09| 0| 4.90712e-13| 30807.8| 0| 1.7374e+06| 7.36e+22| 1.25824e-17| -1.74902e-17| 0| 78000
| 1| 1.33098e-08| 1.8423e-08| 0| 3.81473e-13| 5.72347e-13| 0| 6.371e+06| 5.972e+24| 5.62236e-18| 9.71143e-18| 0| 78500
| 2| 3.844e+08| 2.41841e+09| 0| -8.78496e-13| 30807.8| 0| 1.7374e+06| 7.36e+22| -1.82854e-17| 7.86375e-18| 0| 78500
| 3| 1.30055e-08| 2.80281e+09| 0| 4.97023e-13| 30807.8| 0| 1.7374e+06| 7.36e+22| 1.2663e-17| -1.75752e-17| 0| 78500
| 1| 1.35012e-08| 1.87104e-08| 0| 3.84284e-13| 5.77205e-13| 0| 6.371e+06| 5.972e+24| 5.62323e-18| 9.72121e-18| 0| 79000
| 2| 3.844e+08| 2.43381e+09| 0| -8.87659e-13| 30807.8| 0| 1.7374e+06| 7.36e+22| -1.83669e-17| 7.93889e-18| 0| 79000
| 3| 1.32556e-08| 2.81821e+09| 0| 5.03375e-13| 30807.8| 0| 1.7374e+06| 7.36e+22| 1.27437e-17| -1.76601e-17| 0| 79000
| 1| 1.36941e-08| 1.90002e-08| 0| 3.87096e-13| 5.82068e-13| 0| 6.371e+06| 5.972e+24| 5.62409e-18| 9.73088e-18| 0| 79500
| 2| 3.844e+08| 2.44922e+09| 0| -8.96863e-13| 30807.8| 0| 1.7374e+06| 7.36e+22| -1.84484e-17| 8.01409e-18| 0| 79500
| 3| 1.35089e-08| 2.83362e+09| 0| 5.09767e-13| 30807.8| 0| 1.7374e+06| 7.36e+22| 1.28243e-17| -1.7745e-17| 0| 79500
| 1| 1.38883e-08| 1.92925e-08| 0| 3.89909e-13| 5.86936e-13| 0| 6.371e+06| 5.972e+24| 5.62493e-18| 9.74044e-18| 0| 80000
| 2| 3.844e+08| 2.46462e+09| 0| -9.06108e-13| 30807.8| 0| 1.7374e+06| 7.36e+22| -1.85299e-17| 8.08936e-18| 0| 80000
| 3| 1.37653e-08| 2.84902e+09| 0| 5.16199e-13| 30807.8| 0| 1.7374e+06| 7.36e+22| 1.2905e-17| -1.78298e-17| 0| 80000
| 1| 1.4084e-08| 1.95872e-08| 0| 3.92721e-13| 5.91809e-13| 0| 6.371e+06| 5.972e+24| 5.62576e-18| 9.7499e-18| 0| 80500
| 2| 3.844e+08| 2.48003e+09| 0| -9.15393e-13| 30807.8| 0| 1.7374e+06| 7.36e+22| -1.86114e-17| 8.1647e-18| 0| 80500
| 3| 1.40251e-08| 2.86443e+09| 0| 5.22672e-13| 30807.8| 0| 1.7374e+06| 7.36e+22| 1.29856e-17| -1.79146e-17| 0| 80500
| 1| 1.4281e-08| 1.98843e-08| 0| 3.95534e-13| 5.96686e-13| 0| 6.371e+06| 5.972e+24| 5.62657e-18| 9.75924e-18| 0| 81000
| 2| 3.844e+08| 2.49543e+09| 0| -9.24719e-13| 30807.8| 0| 1.7374e+06| 7.36e+22| -1.86929e-17| 8.2401e-18| 0| 81000
| 3| 1.4288e-08| 2.87983e+09| 0| 5.29185e-13| 30807.8| 0| 1.7374e+06| 7.36e+22| 1.30663e-17| -1.79993e-17| 0| 81000
| 1| 1.44795e-08| 2.01839e-08| 0| 3.98348e-13| 6.01568e-13| 0| 6.371e+06| 5.972e+24| 5.62737e-18| 9.76848e-18| 0| 81500
| 2| 3.844e+08| 2.51083e+09| 0| -9.34086e-13| 30807.8| 0| 1.7374e+06| 7.36e+22| -1.87743e-17| 8.31556e-18| 0| 81500
| 3| 1.45543e-08| 2.89523e+09| 0| 5.35738e-13| 30807.8| 0| 1.7374e+06| 7.36e+22| 1.31469e-17| -1.8084e-17| 0| 81500
| 1| 1.46794e-08| 2.04859e-08| 0| 4.01162e-13| 6.06454e-13| 0| 6.371e+06| 5.972e+24| 5.62815e-18| 9.77761e-18| 0| 82000
| 2| 3.844e+08| 2.52624e+09| 0| -9.43493e-13| 30807.8| 0| 1.7374e+06| 7.36e+22| -1.88558e-17| 8.39108e-18| 0| 82000
| 3| 1.48238e-08| 2.91064e+09| 0| 5.42332e-13| 30807.8| 0| 1.7374e+06| 7.36e+22| 1.32276e-17| -1.81687e-17| 0| 82000
| 1| 1.48807e-08| 2.07903e-08| 0| 4.03976e-13| 6.11345e-13| 0| 6.371e+06| 5.972e+24| 5.62892e-18| 9.78664e-18| 0| 82500
| 2| 3.844e+08| 2.54164e+09| 0| -9.52941e-13| 30807.8| 0| 1.7374e+06| 7.36e+22| -1.89372e-17| 8.46666e-18| 0| 82500
| 3| 1.50966e-08| 2.92604e+09| 0| 5.48966e-13| 30807.8| 0| 1.7374e+06| 7.36e+22| 1.33083e-17| -1.82533e-17| 0| 82500
| 1| 1.50834e-08| 2.10972e-08| 0| 4.06791e-13| 6.16241e-13| 0| 6.371e+06| 5.972e+24| 5.62968e-18| 9.79558e-18| 0| 83000
| 2| 3.844e+08| 2.55705e+09| 0| -9.6243e-13| 30807.8| 0| 1.7374e+06| 7.36e+22| -1.90186e-17| 8.5423e-18| 0| 83000
| 3| 1.53727e-08| 2.94145e+09| 0| 5.5564e-13| 30807.8| 0| 1.7374e+06| 7.36e+22| 1.33889e-17| -1.83379e-17| 0| 83000
| 1| 1.52875e-08| 2.14066e-08| 0| 4.09606e-13| 6.21141e-13| 0| 6.371e+06| 5.972e+24| 5.63042e-18| 9.80441e-18| 0| 83500
| 2| 3.844e+08| 2.57245e+09| 0| -9.7196e-13| 30807.8| 0| 1.7374e+06| 7.36e+22| -1.91e-17| 8.618e-18| 0| 83500
| 3| 1.56522e-08| 2.95685e+09| 0| 5.62354e-13| 30807.8| 0| 1.7374e+06| 7.36e+22| 1.34696e-17| -1.84224e-17| 0| 83500
| 1| 1.5493e-08| 2.17184e-08| 0| 4.12421e-13| 6.26045e-13| 0| 6.371e+06| 5.972e+24| 5.63115e-18| 9.81314e-18| 0| 84000
| 2| 3.844e+08| 2.58785e+09| 0| -9.8153e-13| 30807.8| 0| 1.7374e+06| 7.36e+22| -1.91814e-17| 8.69376e-18| 0| 84000
| 3| 1.59351e-08| 2.97225e+09| 0| 5.69109e-13| 30807.8| 0| 1.7374e+06| 7.36e+22| 1.35502e-17| -1.85069e-17| 0| 84000
| 1| 1.56999e-08| 2.20326e-08| 0| 4.15237e-13| 6.30954e-13| 0| 6.371e+06| 5.972e+24| 5.63187e-18| 9.82178e-18| 0| 84500
| 2| 3.844e+08| 2.60326e+09| 0| -9.91141e-13| 30807.8| 0| 1.7374e+06| 7.36e+22| -1.92628e-17| 8.76957e-18| 0| 84500
| 3| 1.62214e-08| 2.98766e+09| 0| 5.75905e-13| 30807.8| 0| 1.7374e+06| 7.36e+22| 1.36309e-17| -1.85914e-17| 0| 84500
| 1| 1.59082e-08| 2.23493e-08| 0| 4.18053e-13| 6.35867e-13| 0| 6.371e+06| 5.972e+24| 5.63258e-18| 9.83033e-18| 0| 85000
| 2| 3.844e+08| 2.61866e+09| 0| -1.00079e-12| 30807.8| 0| 1.7374e+06| 7.36e+22| -1.93441e-17| 8.84544e-18| 0| 85000
| 3| 1.6511e-08| 3.00306e+09| 0| 5.8274e-13| 30807.8| 0| 1.7374e+06| 7.36e+22| 1.37115e-17| -1.86758e-17| 0| 85000
| 1| 1.61179e-08| 2.26685e-08| 0| 4.20869e-13| 6.40784e-13| 0| 6.371e+06| 5.972e+24| 5.63327e-18| 9.83878e-18| 0| 85500
| 2| 3.844e+08| 2.63407e+09| 0| -1.01049e-12| 30807.8| 0| 1.7374e+06| 7.36e+22| -1.94255e-17| 8.92136e-18| 0| 85500
| 3| 1.68041e-08| 3.01847e+09| 0| 5.89616e-13| 30807.8| 0| 1.7374e+06| 7.36e+22| 1.37922e-17| -1.87601e-17| 0| 85500
| 1| 1.63291e-08| 2.29901e-08| 0| 4.23686e-13| 6.45706e-13| 0| 6.371e+06| 5.972e+24| 5.63395e-18| 9.84714e-18| 0| 86000
| 2| 3.844e+08| 2.64947e+09| 0| -1.02022e-12| 30807.8| 0| 1.7374e+06| 7.36e+22| -1.95068e-17| 8.99734e-18| 0| 86000
| 3| 1.71006e-08| 3.03387e+09| 0| 5.96532e-13| 30807.8| 0| 1.7374e+06| 7.36e+22| 1.38728e-17| -1.88445e-17| 0| 86000
| 1| 1.65416e-08| 2.33142e-08| 0| 4.26503e-13| 6.50632e-13| 0| 6.371e+06| 5.972e+24| 5.63462e-18| 9.85541e-18| 0| 86500
| 2| 3.844e+08| 2.66487e+09| 0| -1.02999e-12| 30807.8| 0| 1.7374e+06| 7.36e+22| -1.95881e-17| 9.07336e-18| 0| 86500
| 3| 1.74006e-08| 3.04927e+09| 0| 6.03489e-13| 30807.8| 0| 1.7374e+06| 7.36e+22| 1.39535e-17| -1.89288e-17| 0| 86500
| 1| 1.67556e-08| 2.36407e-08| 0| 4.29321e-13| 6.55561e-13| 0| 6.371e+06| 5.972e+24| 5.63528e-18| 9.8636e-18| 0| 87000
| 2| 3.844e+08| 2.68028e+09| 0| -1.03981e-12| 30807.8| 0| 1.7374e+06| 7.36e+22| -1.96694e-17| 9.14944e-18| 0| 87000
| 3| 1.77041e-08| 3.06468e+09| 0| 6.10486e-13| 30807.8| 0| 1.7374e+06| 7.36e+22| 1.40342e-17| -1.9013e-17| 0| 87000
| 1| 1.69709e-08| 2.39698e-08| 0| 4.32139e-13| 6.60495e-13| 0| 6.371e+06| 5.972e+24| 5.63592e-18| 9.8717e-18| 0| 87500
| 2| 3.844e+08| 2.69568e+09| 0| -1.04966e-12| 30807.8| 0| 1.7374e+06| 7.36e+22| -1.97507e-17| 9.22557e-18| 0| 87500
| 3| 1.80111e-08| 3.08008e+09| 0| 6.17523e-13| 30807.8| 0| 1.7374e+06| 7.36e+22| 1.41148e-17| -1.90973e-17| 0| 87500
| 1| 1.71877e-08| 2.43012e-08| 0| 4.34957e-13| 6.65433e-13| 0| 6.371e+06| 5.972e+24| 5.63656e-18| 9.87971e-18| 0| 88000
| 2| 3.844e+08| 2.71108e+09| 0| -1.05956e-12| 30807.8| 0| 1.7374e+06| 7.36e+22| -1.9832e-17| 9.30175e-18| 0| 88000
| 3| 1.83217e-08| 3.09548e+09| 0| 6.24601e-13| 30807.8| 0| 1.7374e+06| 7.36e+22| 1.41955e-17| -1.91815e-17| 0| 88000
| 1| 1.74059e-08| 2.46352e-08| 0| 4.37775e-13| 6.70375e-13| 0| 6.371e+06| 5.972e+24| 5.63719e-18| 9.88763e-18| 0| 88500
| 2| 3.844e+08| 2.72649e+09| 0| -1.06949e-12| 30807.8| 0| 1.7374e+06| 7.36e+22| -1.99133e-17| 9.37798e-18| 0| 88500
| 3| 1.86357e-08| 3.11089e+09| 0| 6.31719e-13| 30807.8| 0| 1.7374e+06| 7.36e+22| 1.42761e-17| -1.92656e-17| 0| 88500
| 1| 1.76255e-08| 2.49716e-08| 0| 4.40594e-13| 6.75321e-13| 0| 6.371e+06| 5.972e+24| 5.6378e-18| 9.89548e-18| 0| 89000
| 2| 3.844e+08| 2.74189e+09| 0| -1.07947e-12| 30807.8| 0| 1.7374e+06| 7.36e+22| -1.99946e-17| 9.45426e-18| 0| 89000
| 3| 1.89534e-08| 3.12629e+09| 0| 6.38877e-13| 30807.8| 0| 1.7374e+06| 7.36e+22| 1.43568e-17| -1.93497e-17| 0| 89000
| 1| 1.78465e-08| 2.53105e-08| 0| 4.43413e-13| 6.8027e-13| 0| 6.371e+06| 5.972e+24| 5.63841e-18| 9.90324e-18| 0| 89500
| 2| 3.844e+08| 2.7573e+09| 0| -1.08949e-12| 30807.8| 0| 1.7374e+06| 7.36e+22| -2.00758e-17| 9.53058e-18| 0| 89500
| 3| 1.92746e-08| 3.1417e+09| 0| 6.46075e-13| 30807.8| 0| 1.7374e+06| 7.36e+22| 1.44374e-17| -1.94338e-17| 0| 89500
| 1| 1.80689e-08| 2.56519e-08| 0| 4.46232e-13| 6.85224e-13| 0| 6.371e+06| 5.972e+24| 5.639e-18| 9.91093e-18| 0| 90000
| 2| 3.844e+08| 2.7727e+09| 0| -1.09955e-12| 30807.8| 0| 1.7374e+06| 7.36e+22| -2.01571e-17| 9.60696e-18| 0| 90000
| 3| 1.95995e-08| 3.1571e+09| 0| 6.53314e-13| 30807.8| 0| 1.7374e+06| 7.36e+22| 1.45181e-17| -1.95179e-17| 0| 90000
| 1| 1.82927e-08| 2.59957e-08| 0| 4.49052e-13| 6.90181e-13| 0| 6.371e+06| 5.972e+24| 5.63959e-18| 9.91853e-18| 0| 90500
| 2| 3.844e+08| 2.7881e+09| 0| -1.10965e-12| 30807.8| 0| 1.7374e+06| 7.36e+22| -2.02383e-17| 9.68337e-18| 0| 90500
| 3| 1.99279e-08| 3.1725e+09| 0| 6.60594e-13| 30807.8| 0| 1.7374e+06| 7.36e+22| 1.45988e-17| -1.96019e-17| 0| 90500
| 1| 1.8518e-08| 2.63421e-08| 0| 4.51872e-13| 6.95142e-13| 0| 6.371e+06| 5.972e+24| 5.64017e-18| 9.92606e-18| 0| 91000
| 2| 3.844e+08| 2.80351e+09| 0| -1.11978e-12| 30807.8| 0| 1.7374e+06| 7.36e+22| -2.03196e-17| 9.75984e-18| 0| 91000
| 3| 2.02601e-08| 3.18791e+09| 0| 6.67913e-13| 30807.8| 0| 1.7374e+06| 7.36e+22| 1.46794e-17| -1.96859e-17| 0| 91000
| 1| 1.87446e-08| 2.66909e-08| 0| 4.54692e-13| 7.00107e-13| 0| 6.371e+06| 5.972e+24| 5.64073e-18| 9.93351e-18| 0| 91500
| 2| 3.844e+08| 2.81891e+09| 0| -1.12997e-12| 30807.8| 0| 1.7374e+06| 7.36e+22| -2.04008e-17| 9.83634e-18| 0| 91500
| 3| 2.05959e-08| 3.20331e+09| 0| 6.75273e-13| 30807.8| 0| 1.7374e+06| 7.36e+22| 1.47601e-17| -1.97698e-17| 0| 91500
| 1| 1.89727e-08| 2.70422e-08| 0| 4.57513e-13| 7.05076e-13| 0| 6.371e+06| 5.972e+24| 5.64129e-18| 9.94088e-18| 0| 92000
| 2| 3.844e+08| 2.83432e+09| 0| -1.14019e-12| 30807.8| 0| 1.7374e+06| 7.36e+22| -2.0482e-17| 9.91289e-18| 0| 92000
| 3| 2.09354e-08| 3.21872e+09| 0| 6.82673e-13| 30807.8| 0| 1.7374e+06| 7.36e+22| 1.48407e-17| -1.98538e-17| 0| 92000
| 1| 1.92021e-08| 2.7396e-08| 0| 4.60333e-13| 7.10048e-13| 0| 6.371e+06| 5.972e+24| 5.64184e-18| 9.94818e-18| 0| 92500
| 2| 3.844e+08| 2.84972e+09| 0| -1.15045e-12| 30807.8| 0| 1.7374e+06| 7.36e+22| -2.05632e-17| 9.98949e-18| 0| 92500
| 3| 2.12786e-08| 3.23412e+09| 0| 6.90114e-13| 30807.8| 0| 1.7374e+06| 7.36e+22| 1.49214e-17| -1.99377e-17| 0| 92500
| 1| 1.9433e-08| 2.77522e-08| 0| 4.63154e-13| 7.15024e-13| 0| 6.371e+06| 5.972e+24| 5.64238e-18| 9.95541e-18| 0| 93000
| 2| 3.844e+08| 2.86512e+09| 0| -1.16075e-12| 30807.8| 0| 1.7374e+06| 7.36e+22| -2.06444e-17| 1.00661e-17| 0| 93000
| 3| 2.16255e-08| 3.24952e+09| 0| 6.97595e-13| 30807.8| 0| 1.7374e+06| 7.36e+22| 1.5002e-17| -2.00215e-17| 0| 93000
| 1| 1.96653e-08| 2.8111e-08| 0| 4.65976e-13| 7.20003e-13| 0| 6.371e+06| 5.972e+24| 5.64291e-18| 9.96256e-18| 0| 93500
| 2| 3.844e+08| 2.88053e+09| 0| -1.17109e-12| 30807.8| 0| 1.7374e+06| 7.36e+22| -2.07256e-17| 1.01428e-17| 0| 93500
| 3| 2.19762e-08| 3.26493e+09| 0| 7.05116e-13| 30807.8| 0| 1.7374e+06| 7.36e+22| 1.50827e-17| -2.01054e-17| 0| 93500
| 1| 1.9899e-08| 2.84722e-08| 0| 4.68797e-13| 7.24987e-13| 0| 6.371e+06| 5.972e+24| 5.64344e-18| 9.96964e-18| 0| 94000
| 2| 3.844e+08| 2.89593e+09| 0| -1.18147e-12| 30807.8| 0| 1.7374e+06| 7.36e+22| -2.08068e-17| 1.02195e-17| 0| 94000
| 3| 2.23306e-08| 3.28033e+09| 0| 7.12677e-13| 30807.8| 0| 1.7374e+06| 7.36e+22| 1.51633e-17| -2.01892e-17| 0| 94000
| 1| 2.01341e-08| 2.8836e-08| 0| 4.71619e-13| 7.29973e-13| 0| 6.371e+06| 5.972e+24| 5.64395e-18| 9.97666e-18| 0| 94500
| 2| 3.844e+08| 2.91134e+09| 0| -1.1919e-12| 30807.8| 0| 1.7374e+06| 7.36e+22| -2.0888e-17| 1.02963e-17| 0| 94500
| 3| 2.26888e-08| 3.29574e+09| 0| 7.20279e-13| 30807.8| 0| 1.7374e+06| 7.36e+22| 1.5244e-17| -2.02729e-17| 0| 94500
| 1| 2.03706e-08| 2.92022e-08| 0| 4.74441e-13| 7.34963e-13| 0| 6.371e+06| 5.972e+24| 5.64446e-18| 9.9836e-18| 0| 95000
| 2| 3.844e+08| 2.92674e+09| 0| -1.20236e-12| 30807.8| 0| 1.7374e+06| 7.36e+22| -2.09691e-17| 1.03731e-17| 0| 95000
| 3| 2.30509e-08| 3.31114e+09| 0| 7.27921e-13| 30807.8| 0| 1.7374e+06| 7.36e+22| 1.53247e-17| -2.03567e-17| 0| 95000
| 1| 2.06085e-08| 2.95709e-08| 0| 4.77264e-13| 7.39957e-13| 0| 6.371e+06| 5.972e+24| 5.64496e-18| 9.99048e-18| 0| 95500
| 2| 3.844e+08| 2.94214e+09| 0| -1.21287e-12| 30807.8| 0| 1.7374e+06| 7.36e+22| -2.10503e-17| 1.04499e-17| 0| 95500
| 3| 2.34168e-08| 3.32654e+09| 0| 7.35604e-13| 30807.8| 0| 1.7374e+06| 7.36e+22| 1.54053e-17| -2.04404e-17| 0| 95500
| 1| 2.08478e-08| 2.99422e-08| 0| 4.80086e-13| 7.44954e-13| 0| 6.371e+06| 5.972e+24| 5.64545e-18| 9.99729e-18| 0| 96000
| 2| 3.844e+08| 2.95755e+09| 0| -1.22341e-12| 30807.8| 0| 1.7374e+06| 7.36e+22| -2.11314e-17| 1.05268e-17| 0| 96000
| 3| 2.37865e-08| 3.34195e+09| 0| 7.43326e-13| 30807.8| 0| 1.7374e+06| 7.36e+22| 1.5486e-17| -2.05241e-17| 0| 96000
| 1| 2.10886e-08| 3.03159e-08| 0| 4.82909e-13| 7.49954e-13| 0| 6.371e+06| 5.972e+24| 5.64594e-18| 1.0004e-17| 0| 96500
| 2| 3.844e+08| 2.97295e+09| 0| -1.234e-12| 30807.8| 0| 1.7374e+06| 7.36e+22| -2.12126e-17| 1.06037e-17| 0| 96500
| 3| 2.41601e-08| 3.35735e+09| 0| 7.5109e-13| 30807.8| 0| 1.7374e+06| 7.36e+22| 1.55666e-17| -2.06078e-17| 0| 96500
| 1| 2.13308e-08| 3.06921e-08| 0| 4.85732e-13| 7.54958e-13| 0| 6.371e+06| 5.972e+24| 5.64642e-18| 1.00107e-17| 0| 97000
| 2| 3.844e+08| 2.98835e+09| 0| -1.24463e-12| 30807.8| 0| 1.7374e+06| 7.36e+22| -2.12937e-17| 1.06807e-17| 0| 97000
| 3| 2.45376e-08| 3.37275e+09| 0| 7.58893e-13| 30807.8| 0| 1.7374e+06| 7.36e+22| 1.56473e-17| -2.06914e-17| 0| 97000
| 1| 2.15743e-08| 3.10708e-08| 0| 4.88555e-13| 7.59965e-13| 0| 6.371e+06| 5.972e+24| 5.64689e-18| 1.00173e-17| 0| 97500
| 2| 3.844e+08| 3.00376e+09| 0| -1.25529e-12| 30807.8| 0| 1.7374e+06| 7.36e+22| -2.13748e-17| 1.07577e-17| 0| 97500
| 3| 2.4919e-08| 3.38816e+09| 0| 7.66737e-13| 30807.8| 0| 1.7374e+06| 7.36e+22| 1.57279e-17| -2.0775e-17| 0| 97500
| 1| 2.18193e-08| 3.14521e-08| 0| 4.91379e-13| 7.64975e-13| 0| 6.371e+06| 5.972e+24| 5.64735e-18| 1.00239e-17| 0| 98000
| 2| 3.844e+08| 3.01916e+09| 0| -1.266e-12| 30807.8| 0| 1.7374e+06| 7.36e+22| -2.14559e-17| 1.08347e-17| 0| 98000
| 3| 2.53043e-08| 3.40356e+09| 0| 7.74621e-13| 30807.8| 0| 1.7374e+06| 7.36e+22| 1.58086e-17| -2.08586e-17| 0| 98000
| 1| 2.20657e-08| 3.18358e-08| 0| 4.94203e-13| 7.69989e-13| 0| 6.371e+06| 5.972e+24| 5.64781e-18| 1.00304e-17| 0| 98500
| 2| 3.844e+08| 3.03457e+09| 0| -1.27675e-12| 30807.8| 0| 1.7374e+06| 7.36e+22| -2.15371e-17| 1.09118e-17| 0| 98500
| 3| 2.56936e-08| 3.41897e+09| 0| 7.82545e-13| 30807.8| 0| 1.7374e+06| 7.36e+22| 1.58892e-17| -2.09421e-17| 0| 98500
| 1| 2.23135e-08| 3.22221e-08| 0| 4.97027e-13| 7.75005e-13| 0| 6.371e+06| 5.972e+24| 5.64825e-18| 1.00368e-17| 0| 99000
| 2| 3.844e+08| 3.04997e+09| 0| -1.28754e-12| 30807.8| 0| 1.7374e+06| 7.36e+22| -2.16182e-17| 1.09889e-17| 0| 99000
| 3| 2.60869e-08| 3.43437e+09| 0| 7.9051e-13| 30807.8| 0| 1.7374e+06| 7.36e+22| 1.59699e-17| -2.10256e-17| 0| 99000
| 1| 2.25627e-08| 3.26108e-08| 0| 4.99851e-13| 7.80025e-13| 0| 6.371e+06| 5.972e+24| 5.6487e-18| 1.00432e-17| 0| 99500
| 2| 3.844e+08| 3.06537e+09| 0| -1.29837e-12| 30807.8| 0| 1.7374e+06| 7.36e+22| -2.16993e-17| 1.1066e-17| 0| 99500
| 3| 2.64841e-08| 3.44977e+09| 0| 7.98515e-13| 30807.8| 0| 1.7374e+06| 7.36e+22| 1.60506e-17| -2.11092e-17| 0| 99500
| 1| 2.28134e-08| 3.30021e-08| 0| 5.02676e-13| 7.85048e-13| 0| 6.371e+06| 5.972e+24| 5.64913e-18| 1.00495e-17| 0| 100000
| 2| 3.844e+08| 3.08078e+09| 0| -1.30924e-12| 30807.8| 0| 1.7374e+06| 7.36e+22| -2.17804e-17| 1.11432e-17| 0| 100000
| 3| 2.68854e-08| 3.46518e+09| 0| 8.06561e-13| 30807.8| 0| 1.7374e+06| 7.36e+22| 1.61312e-17| -2.11926e-17| 0| 100000
